  7.628923 -13.993490  -7.628923  32.265844   7.628923  32.594715  -7.628923 -13.288105   7.628923 -38.144613  -7.628923 
  7.611310 -14.690505  -7.611310  31.926635   7.611310  32.913326  -7.611310 -12.574667   7.611310 -38.136134  -7.611310 
  7.591994 -15.378848  -7.591994  31.577013   7.591994  33.221755  -7.591994 -11.853516   7.591994 -38.119173  -7.591994 
  7.570972 -16.058239  -7.570972  31.216904   7.570972  33.520080  -7.570972 -11.125007   7.570972 -38.093724  -7.570972 
  7.548236 -16.728416  -7.548236  30.846235   7.548236  33.808382  -7.548236 -10.389517   7.548236 -38.059776  -7.548236 
  7.523781 -17.389138  -7.523781  30.464936   7.523781  34.086737  -7.523781  -9.647439   7.523781 -38.017315  -7.523781 
  7.497598 -18.040180  -7.497598  30.072940   7.497598  34.355226  -7.497598  -8.899184   7.497598 -37.966327  -7.497598 
  7.469681 -18.681338  -7.469681  29.670185   7.469681  34.613926  -7.469681  -8.145177   7.469681 -37.906789  -7.469681 
  7.440021 -19.312425  -7.440021  29.256611   7.440021  34.862915  -7.440021  -7.385863   7.440021 -37.838681  -7.440021 
  7.408609 -19.933273  -7.408609  28.832162   7.408609  35.102267  -7.408609  -6.621700   7.408609 -37.761974  -7.408609 
  7.375436 -20.543730  -7.375436  28.396789   7.375436  35.332058  -7.375436  -5.853158   7.375436 -37.676641  -7.375436 
  7.340492 -21.143662  -7.340492  27.950447   7.340492  35.552362  -7.340492  -5.080721   7.340492 -37.582647  -7.340492 
  7.303765 -21.732950  -7.303765  27.493098   7.303765  35.763250  -7.303765  -4.304885   7.303765 -37.479957  -7.303765 
  7.265246 -22.311491  -7.265246  27.024711   7.265246  35.964792  -7.265246  -3.526156   7.265246 -37.368533  -7.265246 
  7.224923 -22.879199  -7.224923  26.545261   7.224923  36.157055  -7.224923  -2.745047   7.224923 -37.248332  -7.224923 
  7.182782 -23.435998  -7.182782  26.054733   7.182782  36.340106  -7.182782  -1.962080   7.182782 -37.119310  -7.182782 
  7.138813 -23.981831  -7.138813  25.553118   7.138813  36.514008  -7.138813  -1.177782   7.138813 -36.981418  -7.138813 
  7.093002 -24.516650  -7.093002  25.040420   7.093002  36.678822  -7.093002  -0.392683   7.093002 -36.834607  -7.093002 
  7.045335 -25.040420  -7.045335  24.516650   7.045335  36.834607  -7.045335   0.392683   7.045335 -36.678822  -7.045335 
  6.995800 -25.553118  -6.995800  23.981831   6.995800  36.981418  -6.995800   1.177782   6.995800 -36.514008  -6.995800 
  6.944381 -26.054733  -6.944381  23.435998   6.944381  37.119310  -6.944381   1.962080   6.944381 -36.340106  -6.944381 
  6.891065 -26.545261  -6.891065  22.879199   6.891065  37.248332  -6.891065   2.745047   6.891065 -36.157055  -6.891065 
  6.835837 -27.024711  -6.835837  22.311491   6.835837  37.368533  -6.835837   3.526156   6.835837 -35.964792  -6.835837 
  6.778682 -27.493098  -6.778682  21.732950   6.778682  37.479957  -6.778682   4.304885   6.778682 -35.763250  -6.778682 
  6.719584 -27.950447  -6.719584  21.143662   6.719584  37.582647  -6.719584   5.080721   6.719584 -35.552362  -6.719584 
  6.658529 -28.396789  -6.658529  20.543730   6.658529  37.676641  -6.658529   5.853158   6.658529 -35.332058  -6.658529 
  6.595501 -28.832162  -6.595501  19.933273   6.595501  37.761974  -6.595501   6.621700   6.595501 -35.102267  -6.595501 
  6.530485 -29.256611  -6.530485  19.312425   6.530485  37.838681  -6.530485   7.385863   6.530485 -34.862915  -6.530485 
  6.463465 -29.670185  -6.463465  18.681338   6.463465  37.906789  -6.463465   8.145177   6.463465 -34.613926  -6.463465 
  6.394425 -30.072940  -6.394425  18.040180   6.394425  37.966327  -6.394425   8.899184   6.394425 -34.355226  -6.394425 
  6.323352 -30.464936  -6.323352  17.389138   6.323352  38.017315  -6.323352   9.647439   6.323352 -34.086737  -6.323352 
  6.250229 -30.846235  -6.250229  16.728416   6.250229  38.059776  -6.250229  10.389517   6.250229 -33.808382  -6.250229 
  6.175041 -31.216904  -6.175041  16.058239   6.175041  38.093724  -6.175041  11.125007   6.175041 -33.520080  -6.175041 
  6.097774 -31.577013  -6.097774  15.378848   6.097774  38.119173  -6.097774  11.853516   6.097774 -33.221755  -6.097774 
  6.018415 -31.926635  -6.018415  14.690505   6.018415  38.136134  -6.018415  12.574667   6.018415 -32.913326  -6.018415 
  5.936949 -32.265844  -5.936949  13.993490   5.936949  38.144613  -5.936949  13.288105   5.936949 -32.594715  -5.936949 
  5.853363 -38.144613  -5.853363  13.288105   5.853363  38.144613  -5.853363  13.993490   5.853363 -32.265844  -5.853363 
  5.767644 -38.056548  -5.767644  12.574667   5.767644  38.136134  -5.767644  14.690505   5.767644 -31.926635  -5.767644 
  5.679782 -37.959972  -5.679782  11.853516   5.679782  38.119173  -5.679782  15.378848   5.679782 -31.577013  -5.679782 
  5.589766 -37.854859  -5.589766  11.125007   5.589766  38.093724  -5.589766  16.058239   5.589766 -31.216904  -5.589766 
  5.497585 -37.741180  -5.497585  10.389517   5.497585  38.059776  -5.497585  16.728416   5.497585 -30.846235  -5.497585 
  5.403230 -37.618903  -5.403230   9.647439   5.403230  38.017315  -5.403230  17.389138   5.403230 -30.464936  -5.403230 
  5.306695 -37.487990  -5.306695   8.899184   5.306695  37.966327  -5.306695  18.040180   5.306695 -30.072940  -5.306695 
  5.207973 -37.348405  -5.207973   8.145177   5.207973  37.906789  -5.207973  18.681338   5.207973 -29.670185  -5.207973 
  5.107059 -37.200105  -5.107059   7.385863   5.107059  37.838681  -5.107059  19.312425   5.107059 -29.256611  -5.107059 
  5.003950 -37.043046  -5.003950   6.621700   5.003950  37.761974  -5.003950  19.933273   5.003950 -28.832162  -5.003950 
  4.898644 -36.877180  -4.898644   5.853158   4.898644  37.676641  -4.898644  20.543730   4.898644 -28.396789  -4.898644 
  4.791141 -36.702458  -4.791141   5.080721   4.791141  37.582647  -4.791141  21.143662   4.791141 -27.950447  -4.791141 
  4.681444 -36.518827  -4.681444   4.304885   4.681444  37.479957  -4.681444  21.732950   4.681444 -27.493098  -4.681444 
  4.569556 -36.326231  -4.569556   3.526156   4.569556  37.368533  -4.569556  22.311491   4.569556 -27.024711  -4.569556 
  4.455484 -36.124613  -4.455484   2.745047   4.455484  37.248332  -4.455484  22.879199   4.455484 -26.545261  -4.455484 
  4.339236 -35.913912  -4.339236   1.962080   4.339236  37.119310  -4.339236  23.435998   4.339236 -26.054733  -4.339236 
  4.220825 -35.694066  -4.220825   1.177782   4.220825  36.981418  -4.220825  23.981831   4.220825 -25.553118  -4.220825 
  4.100262 -35.465010  -4.100262   0.392683   4.100262  36.834607  -4.100262  24.516650   4.100262 -25.040420  -4.100262 
  3.977566 -35.226677  -3.977566  -0.392683   3.977566  36.678822  -3.977566  25.040420   3.977566 -24.516650  -3.977566 
  3.852755 -34.979000  -3.852755  -1.177782   3.852755  36.514008  -3.852755  25.553118   3.852755 -23.981831  -3.852755 
  3.725851 -34.721907  -3.725851  -1.962080   3.725851  36.340106  -3.725851  26.054733   3.725851 -23.435998  -3.725851 
  3.596880 -34.455326  -3.596880  -2.745047   3.596880  36.157055  -3.596880  26.545261   3.596880 -22.879199  -3.596880 
  3.465871 -34.179185  -3.465871  -3.526156   3.465871  35.964792  -3.465871  27.024711   3.465871 -22.311491  -3.465871 
  3.332854 -33.893408  -3.332854  -4.304885   3.332854  35.763250  -3.332854  27.493098   3.332854 -21.732950  -3.332854 
  3.197867 -33.597920  -3.197867  -5.080721   3.197867  35.552362  -3.197867  27.950447   3.197867 -21.143662  -3.197867 
  3.060946 -33.292644  -3.060946  -5.853158   3.060946  35.332058  -3.060946  28.396789   3.060946 -20.543730  -3.060946 
  2.922135 -32.977504  -2.922135  -6.621700   2.922135  35.102267  -2.922135  28.832162   2.922135 -19.933273  -2.922135 
  2.781479 -32.652423  -2.781479  -7.385863   2.781479  34.862915  -2.781479  29.256611   2.781479 -19.312425  -2.781479 
  2.639028 -32.317323  -2.639028  -8.145177   2.639028  34.613926  -2.639028  29.670185   2.639028 -18.681338  -2.639028 
  2.494835 -31.972127  -2.494835  -8.899184   2.494835  34.355226  -2.494835  30.072940   2.494835 -18.040180  -2.494835 
  2.348956 -31.616759  -2.348956  -9.647439   2.348956  34.086737  -2.348956  30.464936   2.348956 -17.389138  -2.348956 
  2.201453 -31.251143  -2.201453 -10.389517   2.201453  33.808382  -2.201453  30.846235   2.201453 -16.728416  -2.201453 
  2.052388 -30.875205  -2.052388 -11.125007   2.052388  33.520080  -2.052388  31.216904   2.052388 -16.058239  -2.052388 
  1.901830 -30.488872  -1.901830 -11.853516   1.901830  33.221755  -1.901830  31.577013   1.901830 -15.378848  -1.901830 
  1.749849 -30.092074  -1.749849 -12.574667   1.749849  32.913326  -1.749849  31.926635   1.749849 -14.690505  -1.749849 
  1.596521 -29.684743  -1.596521 -13.288105   1.596521  32.594715  -1.596521  32.265844   1.596521 -13.993490  -1.596521 
  1.441923 -29.266813  -1.441923 -13.993490   1.441923  32.265844  -1.441923  32.594715   1.441923 -13.288105  -1.441923 
  1.286135 -28.838222  -1.286135 -14.690505   1.286135  31.926635  -1.286135  32.913326   1.286135 -12.574667  -1.286135 
  1.129243 -28.398912  -1.129243 -15.378848   1.129243  31.577013  -1.129243  33.221755   1.129243 -11.853516  -1.129243 
  0.971332 -27.948829  -0.971332 -16.058239   0.971332  31.216904  -0.971332  33.520080   0.971332 -11.125007  -0.971332 
  0.812493 -27.487923  -0.812493 -16.728416   0.812493  30.846235  -0.812493  33.808382   0.812493 -10.389517  -0.812493 
  0.652817 -27.016152  -0.652817 -17.389138   0.652817  30.464936  -0.652817  34.086737   0.652817  -9.647439  -0.652817 
  0.492398 -26.533477  -0.492398 -18.040180   0.492398  30.072940  -0.492398  34.355226   0.492398  -8.899184  -0.492398 
  0.331332 -26.039866  -0.331332 -18.681338   0.331332  29.670185  -0.331332  34.613926   0.331332  -8.145177  -0.331332 
  0.169717 -25.535296  -0.169717 -19.312425   0.169717  29.256611  -0.169717  34.862915   0.169717  -7.385863  -0.169717 
  0.007653 -25.019750  -0.007653 -19.933273   0.007653  28.832162  -0.007653  35.102267   0.007653  -6.621700  -0.007653 
 -0.154761 -24.493219   0.154761 -20.543730  -0.154761  28.396789   0.154761  35.332058  -0.154761  -5.853158   0.154761 
 -0.317423 -23.955705   0.317423 -21.143662  -0.317423  27.950447   0.317423  35.552362  -0.317423  -5.080721   0.317423 
 -0.480231 -23.407218   0.480231 -21.732950  -0.480231  27.493098   0.480231  35.763250  -0.480231  -4.304885   0.480231 
 -0.643085 -22.847779   0.643085 -22.311491  -0.643085  27.024711   0.643085  35.964792  -0.643085  -3.526156   0.643085 
 -0.805881 -22.277419   0.805881 -22.879199  -0.805881  26.545261   0.805881  36.157055  -0.805881  -2.745047   0.805881 
 -0.968518 -21.696181   0.968518 -23.435998  -0.968518  26.054733   0.968518  36.340106  -0.968518  -1.962080   0.968518 
 -1.130897 -21.104123   1.130897 -23.981831  -1.130897  25.553118   1.130897  36.514008  -1.130897  -1.177782   1.130897 
 -1.292916 -20.501311   1.292916 -24.516650  -1.292916  25.040420   1.292916  36.678822  -1.292916  -0.392683   1.292916 
 -1.454477 -19.887829   1.454477 -25.040420  -1.454477  24.516650   1.454477  36.834607  -1.454477   0.392683   1.454477 
 -1.615484 -19.263773   1.615484 -25.553118  -1.615484  23.981831   1.615484  36.981418  -1.615484   1.177782   1.615484 
 -1.775841 -18.629255   1.775841 -26.054733  -1.775841  23.435998   1.775841  37.119310  -1.775841   1.962080   1.775841 
 -1.935456 -17.984400   1.935456 -26.545261  -1.935456  22.879199   1.935456  37.248332  -1.935456   2.745047   1.935456 
 -2.094237 -17.329353   2.094237 -27.024711  -2.094237  22.311491   2.094237  37.368533  -2.094237   3.526156   2.094237 
 -2.252097 -16.664272   2.252097 -27.493098  -2.252097  21.732950   2.252097  37.479957  -2.252097   4.304885   2.252097 
 -2.408951 -15.989334   2.408951 -27.950447  -2.408951  21.143662   2.408951  37.582647  -2.408951   5.080721   2.408951 
 -2.564715 -15.304731   2.564715 -28.396789  -2.564715  20.543730   2.564715  37.676641  -2.564715   5.853158   2.564715 
 -2.719312 -14.610676   2.719312 -28.832162  -2.719312  19.933273   2.719312  37.761974  -2.719312   6.621700   2.719312 
 -2.872664 -13.907397   2.872664 -29.256611  -2.872664  19.312425   2.872664  37.838681  -2.872664   7.385863   2.872664 
 -3.024699 -13.195142   3.024699 -29.670185  -3.024699  18.681338   3.024699  37.906789  -3.024699   8.145177   3.024699 
 -3.175349 -12.474175   3.175349 -30.072940  -3.175349  18.040180   3.175349  37.966327  -3.175349   8.899184   3.175349 
 -3.324547 -11.744782   3.324547 -30.464936  -3.324547  17.389138   3.324547  38.017315  -3.324547   9.647439   3.324547 
 -3.472232 -11.007263   3.472232 -30.846235  -3.472232  16.728416   3.472232  38.059776  -3.472232  10.389517   3.472232 
 -3.618345 -10.261939   3.618345 -31.216904  -3.618345  16.058239   3.618345  38.093724  -3.618345  11.125007   3.618345 
 -3.762833  -9.509148   3.762833 -31.577013  -3.762833  15.378848   3.762833  38.119173  -3.762833  11.853516   3.762833 
 -3.905644  -8.749246   3.905644 -31.926635  -3.905644  14.690505   3.905644  38.136134  -3.905644  12.574667   3.905644 
 -4.046731  -7.982604   4.046731 -32.265844  -4.046731  13.993490   4.046731  38.144613  -4.046731  13.288105   4.046731 
 -4.186051  -7.209613   4.186051 -38.144613  -4.186051  13.288105   4.186051  38.144613  -4.186051  13.993490   4.186051 
 -4.323565  -6.430676   4.323565 -38.056548  -4.323565  12.574667   4.323565  38.136134  -4.323565  14.690505   4.323565 
 -4.459236  -5.646214   4.459236 -37.959972  -4.459236  11.853516   4.459236  38.119173  -4.459236  15.378848   4.459236 
 -4.593031  -4.856661   4.593031 -37.854859  -4.593031  11.125007   4.593031  38.093724  -4.593031  16.058239   4.593031 
 -4.724921  -4.062464   4.724921 -37.741180  -4.724921  10.389517   4.724921  38.059776  -4.724921  16.728416   4.724921 
 -4.854881  -3.264083   4.854881 -37.618903  -4.854881   9.647439   4.854881  38.017315  -4.854881  17.389138   4.854881 
 -4.982886  -2.461988   4.982886 -37.487990  -4.982886   8.899184   4.982886  37.966327  -4.982886  18.040180   4.982886 
 -5.108919  -1.656659   5.108919 -37.348405  -5.108919   8.145177   5.108919  37.906789  -5.108919  18.681338   5.108919 
 -5.232962  -0.848587   5.232962 -37.200105  -5.232962   7.385863   5.232962  37.838681  -5.232962  19.312425   5.232962 
 -5.355002  -0.038265   5.355002 -37.043046  -5.355002   6.621700   5.355002  37.761974  -5.355002  19.933273   5.355002 
 -5.475027   0.773804   5.475027 -36.877180  -5.475027   5.853158   5.475027  37.676641  -5.475027  20.543730   5.475027 
 -5.593029   1.587114   5.593029 -36.702458  -5.593029   5.080721   5.593029  37.582647  -5.593029  21.143662   5.593029 
 -5.709002   2.401157   5.709002 -36.518827  -5.709002   4.304885   5.709002  37.479957  -5.709002  21.732950   5.709002 
 -5.822943   3.215423   5.822943 -36.326231  -5.822943   3.526156   5.822943  37.368533  -5.822943  22.311491   5.822943 
 -5.934851   4.029404   5.934851 -36.124613  -5.934851   2.745047   5.934851  37.248332  -5.934851  22.879199   5.934851 
 -6.044725   4.842592   6.044725 -35.913912  -6.044725   1.962080   6.044725  37.119310  -6.044725  23.435998   6.044725 
 -6.152570   5.654483   6.152570 -35.694066  -6.152570   1.177782   6.152570  36.981418  -6.152570  23.981831   6.152570 
 -6.258389   6.464578   6.258389 -35.465010  -6.258389   0.392683   6.258389  36.834607  -6.258389  24.516650   6.258389 
 -6.362188   7.272385   6.362188 -35.226677  -6.362188  -0.392683   6.362188  36.678822  -6.362188  25.040420   6.362188 
 -6.463976   8.077419   6.463976 -34.979000  -6.463976  -1.177782   6.463976  36.514008  -6.463976  25.553118   6.463976 
 -6.563763   8.879205   6.563763 -34.721907  -6.563763  -1.962080   6.563763  36.340106  -6.563763  26.054733   6.563763 
 -6.661557   9.677279   6.661557 -34.455326  -6.661557  -2.745047   6.661557  36.157055  -6.661557  26.545261   6.661557 
 -6.757373  10.471186   6.757373 -34.179185  -6.757373  -3.526156   6.757373  35.964792  -6.757373  27.024711   6.757373 
 -6.851221  11.260487   6.851221 -33.893408  -6.851221  -4.304885   6.851221  35.763250  -6.851221  27.493098   6.851221 
 -6.943117  12.044755   6.943117 -33.597920  -6.943117  -5.080721   6.943117  35.552362  -6.943117  27.950447   6.943117 
 -7.033076  12.823577   7.033076 -33.292644  -7.033076  -5.853158   7.033076  35.332058  -7.033076  28.396789   7.033076 
 -7.121113  13.596559   7.121113 -32.977504  -7.121113  -6.621700   7.121113  35.102267  -7.121113  28.832162   7.121113 
 -7.207244  14.363319   7.207244 -32.652423  -7.207244  -7.385863   7.207244  34.862915  -7.207244  29.256611   7.207244 
 -7.291487  15.123496   7.291487 -32.317323  -7.291487  -8.145177   7.291487  34.613926  -7.291487  29.670185   7.291487 
 -7.373859  15.876743   7.373859 -31.972127  -7.373859  -8.899184   7.373859  34.355226  -7.373859  30.072940   7.373859 
 -7.454380  16.622733   7.454380 -31.616759  -7.454380  -9.647439   7.454380  34.086737  -7.454380  30.464936   7.454380 
 -7.533066  17.361158   7.533066 -31.251143  -7.533066 -10.389517   7.533066  33.808382  -7.533066  30.846235   7.533066 
 -7.609937  18.091725   7.609937 -30.875205  -7.609937 -11.125007   7.609937  33.520080  -7.609937  31.216904   7.609937 
 -7.685013  18.814163   7.685013 -30.488872  -7.685013 -11.853516   7.685013  33.221755  -7.685013  31.577013   7.685013 
 -7.758312  19.528219   7.758312 -30.092074  -7.758312 -12.574667   7.758312  32.913326  -7.758312  31.926635   7.758312 
 -7.829854  20.233656   7.829854 -29.684743  -7.829854 -13.288105   7.829854  32.594715  -7.829854  32.265844   7.829854 
 -7.899658  20.930257   7.899658 -29.266813  -7.899658 -13.993490   7.899658  32.265844  -7.899658  32.594715   7.899658 
 -7.967745  21.617826   7.967745 -28.838222  -7.967745 -14.690505   7.967745  31.926635  -7.967745  32.913326   7.967745 
 -8.034134  22.296179   8.034134 -28.398912  -8.034134 -15.378848   8.034134  31.577013  -8.034134  33.221755   8.034134 
 -8.098844  22.965155   8.098844 -27.948829  -8.098844 -16.058239   8.098844  31.216904  -8.098844  33.520080   8.098844 
 -8.161895  23.624606   8.161895 -27.487923  -8.161895 -16.728416   8.161895  30.846235  -8.161895  33.808382   8.161895 
 -8.223307  24.274403   8.223307 -27.016152  -8.223307 -17.389138   8.223307  30.464936  -8.223307  34.086737   8.223307 
 -8.283098  24.914432   8.283098 -26.533477  -8.283098 -18.040180   8.283098  30.072940  -8.283098  34.355226   8.283098 
 -8.341288  25.544596   8.341288 -26.039866  -8.341288 -18.681338   8.341288  29.670185  -8.341288  34.613926   8.341288 
 -8.397895  26.164811   8.397895 -25.535296  -8.397895 -19.312425   8.397895  29.256611  -8.397895  34.862915   8.397895 
 -8.452939  26.775008   8.452939 -25.019750  -8.452939 -19.933273   8.452939  28.832162  -8.452939  35.102267   8.452939 
 -8.506436  27.375133   8.506436 -24.493219  -8.506436 -20.543730   8.506436  28.396789  -8.506436  35.332058   8.506436 
 -8.558406  27.965144   8.558406 -23.955705  -8.558406 -21.143662   8.558406  27.950447  -8.558406  35.552362   8.558406 
 -8.608865  28.545010   8.608865 -23.407218  -8.608865 -21.732950   8.608865  27.493098  -8.608865  35.763250   8.608865 
 -8.657832  29.114716   8.657832 -22.847779  -8.657832 -22.311491   8.657832  27.024711  -8.657832  35.964792   8.657832 
 -8.705323  29.674253   8.705323 -22.277419  -8.705323 -22.879199   8.705323  26.545261  -8.705323  36.157055   8.705323 
 -8.751356  30.223626   8.751356 -21.696181  -8.751356 -23.435998   8.751356  26.054733  -8.751356  36.340106   8.751356 
 -8.795945  30.762848   8.795945 -21.104123  -8.795945 -23.981831   8.795945  25.553118  -8.795945  36.514008   8.795945 
 -8.839107  31.291943   8.839107 -20.501311  -8.839107 -24.516650   8.839107  25.040420  -8.839107  36.678822   8.839107 
 -8.880858  31.810941   8.880858 -19.887829  -8.880858 -25.040420   8.880858  24.516650  -8.880858  36.834607   8.880858 
 -8.921213  32.319882   8.921213 -19.263773  -8.921213 -25.553118   8.921213  23.981831  -8.921213  36.981418   8.921213 
 -8.960185  32.818813   8.960185 -18.629255  -8.960185 -26.054733   8.960185  23.435998  -8.960185  37.119310   8.960185 
 -8.997791  33.307787   8.997791 -17.984400  -8.997791 -26.545261   8.997791  22.879199  -8.997791  37.248332   8.997791 
 -9.034043  33.786863   9.034043 -17.329353  -9.034043 -27.024711   9.034043  22.311491  -9.034043  37.368533   9.034043 
 -9.068954  34.256106   9.068954 -16.664272  -9.068954 -27.493098   9.068954  21.732950  -9.068954  37.479957   9.068954 
 -9.102538  34.715587   9.102538 -15.989334  -9.102538 -27.950447   9.102538  21.143662  -9.102538  37.582647   9.102538 
 -9.134807  35.165379   9.134807 -15.304731  -9.134807 -28.396789   9.134807  20.543730  -9.134807  37.676641   9.134807 
 -9.165774  35.605563   9.165774 -14.610676  -9.165774 -28.832162   9.165774  19.933273  -9.165774  37.761974   9.165774 
 -9.195449  36.036219   9.195449 -13.907397  -9.195449 -29.256611   9.195449  19.312425  -9.195449  37.838681   9.195449 
 -9.223845  36.457435   9.223845 -13.195142  -9.223845 -29.670185   9.223845  18.681338  -9.223845  37.906789   9.223845 
 -9.250971  36.869297   9.250971 -12.474175  -9.250971 -30.072940   9.250971  18.040180  -9.250971  37.966327   9.250971 
 -9.276839  37.271898   9.276839 -11.744782  -9.276839 -30.464936   9.276839  17.389138  -9.276839  38.017315   9.276839 
 -9.301457  37.665329   9.301457 -11.007263  -9.301457 -30.846235   9.301457  16.728416  -9.301457  38.059776   9.301457 
 -9.324836  38.049686   9.324836 -10.261939  -9.324836 -31.216904   9.324836  16.058239  -9.324836  38.093724   9.324836 
 -9.346984  38.425063   9.346984  -9.509148  -9.346984 -31.577013   9.346984  15.378848  -9.346984  38.119173   9.346984 
 -9.367910  38.791558   9.367910  -8.749246  -9.367910 -31.926635   9.367910  14.690505  -9.367910  38.136134   9.367910 
 -9.387622  39.149268   9.387622  -7.982604  -9.387622 -32.265844   9.387622  13.993490  -9.387622  38.144613   9.387622 
 -9.406127  39.498291   9.406127  -7.209613  -9.406127 -38.144613   9.406127  13.288105  -9.406127  38.144613   9.406127 
 -9.423433  39.838725   9.423433  -6.430676  -9.423433 -38.056548   9.423433  12.574667  -9.423433  38.136134   9.423433 
 -9.439547  40.170669   9.439547  -5.646214  -9.439547 -37.959972   9.439547  11.853516  -9.439547  38.119173   9.439547 
 -9.454475  40.494221   9.454475  -4.856661  -9.454475 -37.854859   9.454475  11.125007  -9.454475  38.093724   9.454475 
 -9.468223  40.809477   9.468223  -4.062464  -9.468223 -37.741180   9.468223  10.389517  -9.468223  38.059776   9.468223 
 -9.480796  41.116535   9.480796  -3.264083  -9.480796 -37.618903   9.480796   9.647439  -9.480796  38.017315   9.480796 
 -9.492200  41.415491   9.492200  -2.461988  -9.492200 -37.487990   9.492200   8.899184  -9.492200  37.966327   9.492200 
 -9.502439  41.706441   9.502439  -1.656659  -9.502439 -37.348405   9.502439   8.145177  -9.502439  37.906789   9.502439 
 -9.511518  41.989477   9.511518  -0.848587  -9.511518 -37.200105   9.511518   7.385863  -9.511518  37.838681   9.511518 
 -9.519440  42.264693   9.519440  -0.038265  -9.519440 -37.043046   9.519440   6.621700  -9.519440  37.761974   9.519440 
 -9.526209  42.532180   9.526209   0.773804  -9.526209 -36.877180   9.526209   5.853158  -9.526209  37.676641   9.526209 
 -9.531828  42.792028   9.531828   1.587114  -9.531828 -36.702458   9.531828   5.080721  -9.531828  37.582647   9.531828 
 -9.536300  43.044327   9.536300   2.401157  -9.536300 -36.518827   9.536300   4.304885  -9.536300  37.479957   9.536300 
 -9.539627  43.289161   9.539627   3.215423  -9.539627 -36.326231   9.539627   3.526156  -9.539627  37.368533   9.539627 
 -9.541811  43.526617   9.541811   4.029404  -9.541811 -36.124613   9.541811   2.745047  -9.541811  37.248332   9.541811 
 -9.542854  43.756778   9.542854   4.842592  -9.542854 -35.913912   9.542854   1.962080  -9.542854  37.119310   9.542854 
 -9.542757  43.979724   9.542757   5.654483  -9.542757 -35.694066   9.542757   1.177782  -9.542757  36.981418   9.542757 
 -9.541521  44.195536   9.541521   6.464578  -9.541521 -35.465010   9.541521   0.392683  -9.541521  36.834607   9.541521 
 -9.539146  44.404290   9.539146   7.272385  -9.539146 -35.226677   9.539146  -0.392683  -9.539146  36.678822   9.539146 
 -9.535633  44.606063   9.535633   8.077419  -9.535633 -34.979000   9.535633  -1.177782  -9.535633  36.514008   9.535633 
 -9.530982  44.800927   9.530982   8.879205  -9.530982 -34.721907   9.530982  -1.962080  -9.530982  36.340106   9.530982 
 -9.525192  44.988954   9.525192   9.677279  -9.525192 -34.455326   9.525192  -2.745047  -9.525192  36.157055   9.525192 
 -9.518262  45.170213   9.518262  10.471186  -9.518262 -34.179185   9.518262  -3.526156  -9.518262  35.964792   9.518262 
 -9.510192  45.344770   9.510192  11.260487  -9.510192 -33.893408   9.510192  -4.304885  -9.510192  35.763250   9.510192 
 -9.500980  45.512690   9.500980  12.044755  -9.500980 -33.597920   9.500980  -5.080721  -9.500980  35.552362   9.500980 
 -9.490624  45.674037   9.490624  12.823577  -9.490624 -33.292644   9.490624  -5.853158  -9.490624  35.332058   9.490624 
 -9.479124  45.828870   9.479124  13.596559  -9.479124 -32.977504   9.479124  -6.621700  -9.479124  35.102267   9.479124 
 -9.466476  45.977247   9.466476  14.363319  -9.466476 -32.652423   9.466476  -7.385863  -9.466476  34.862915   9.466476 
 -9.452678  46.119225   9.452678  15.123496  -9.452678 -32.317323   9.452678  -8.145177  -9.452678  34.613926   9.452678 
 -9.437728  46.254856   9.437728  15.876743  -9.437728 -31.972127   9.437728  -8.899184  -9.437728  34.355226   9.437728 
 -9.421623  46.384193   9.421623  16.622733  -9.421623 -31.616759   9.421623  -9.647439  -9.421623  34.086737   9.421623 
 -9.404360  46.507285   9.404360  17.361158  -9.404360 -31.251143   9.404360 -10.389517  -9.404360  33.808382   9.404360 
 -9.385935  46.624179   9.385935  18.091725  -9.385935 -30.875205   9.385935 -11.125007  -9.385935  33.520080   9.385935 
 -9.366347  46.734919   9.366347  18.814163  -9.366347 -30.488872   9.366347 -11.853516  -9.366347  33.221755   9.366347 
 -9.345590  46.839549   9.345590  19.528219  -9.345590 -30.092074   9.345590 -12.574667  -9.345590  32.913326   9.345590 
 -9.323662  46.938108   9.323662  20.233656  -9.323662 -29.684743   9.323662 -13.288105  -9.323662  32.594715   9.323662 
 -9.300559  47.030636   9.300559  20.930257  -9.300559 -29.266813   9.300559 -13.993490  -9.300559  32.265844   9.300559 
 -9.276277  47.117167   9.276277  21.617826  -9.276277 -28.838222   9.276277 -14.690505  -9.276277  31.926635   9.276277 
 -9.250813  47.197737   9.250813  22.296179  -9.250813 -28.398912   9.250813 -15.378848  -9.250813  31.577013   9.250813 
 -9.224161  47.272376   9.224161  22.965155  -9.224161 -27.948829   9.224161 -16.058239  -9.224161  31.216904   9.224161 
 -9.196320  47.341116   9.196320  23.624606  -9.196320 -27.487923   9.196320 -16.728416  -9.196320  30.846235   9.196320 
 -9.167284  47.403982   9.167284  24.274403  -9.167284 -27.016152   9.167284 -17.389138  -9.167284  30.464936   9.167284 
 -9.137050  47.461001   9.137050  24.914432  -9.137050 -26.533477   9.137050 -18.040180  -9.137050  30.072940   9.137050 
 -9.105614  47.512196   9.105614  25.544596  -9.105614 -26.039866   9.105614 -18.681338  -9.105614  29.670185   9.105614 
 -9.072973  47.557590   9.072973  26.164811  -9.072973 -25.535296   9.072973 -19.312425  -9.072973  29.256611   9.072973 
 -9.039124  47.597200   9.039124  26.775008  -9.039124 -25.019750   9.039124 -19.933273  -9.039124  28.832162   9.039124 
 -9.004062  47.631045   9.004062  27.375133  -9.004062 -24.493219   9.004062 -20.543730  -9.004062  28.396789   9.004062 
 -8.967785  47.659141   8.967785  27.965144  -8.967785 -23.955705   8.967785 -21.143662  -8.967785  27.950447   8.967785 
 -8.930289  47.681501   8.930289  28.545010  -8.930289 -23.407218   8.930289 -21.732950  -8.930289  27.493098   8.930289 
 -8.891574  47.698136   8.891574  29.114716  -8.891574 -22.847779   8.891574 -22.311491  -8.891574  27.024711   8.891574 
 -8.851635  47.709057   8.851635  29.674253  -8.851635 -22.277419   8.851635 -22.879199  -8.851635  26.545261   8.851635 
 -8.810472  47.714272   8.810472  30.223626  -8.810472 -21.696181   8.810472 -23.435998  -8.810472  26.054733   8.810472 
 -8.768083  47.713786   8.768083  30.762848  -8.768083 -21.104123   8.768083 -23.981831  -8.768083  25.553118   8.768083 
 -8.724467  47.707606   8.724467  31.291943  -8.724467 -20.501311   8.724467 -24.516650  -8.724467  25.040420   8.724467 
 -8.679624  47.695732   8.679624  31.810941  -8.679624 -19.887829   8.679624 -25.040420  -8.679624  24.516650   8.679624 
 -8.633554  47.678167   8.633554  32.319882  -8.633554 -19.263773   8.633554 -25.553118  -8.633554  23.981831   8.633554 
 -8.586258  47.654910   8.586258  32.818813  -8.586258 -18.629255   8.586258 -26.054733  -8.586258  23.435998   8.586258 
 -8.537738  47.625959   8.537738  33.307787  -8.537738 -17.984400   8.537738 -26.545261  -8.537738  22.879199   8.537738 
 -8.487995  47.591311   8.487995  33.786863  -8.487995 -17.329353   8.487995 -27.024711  -8.487995  22.311491   8.487995 
 -8.437033  47.550960   8.437033  34.256106  -8.437033 -16.664272   8.437033 -27.493098  -8.437033  21.732950   8.437033 
 -8.384855  47.504899   8.384855  34.715587  -8.384855 -15.989334   8.384855 -27.950447  -8.384855  21.143662   8.384855 
 -8.331468  47.453122   8.331468  35.165379  -8.331468 -15.304731   8.331468 -28.396789  -8.331468  20.543730   8.331468 
 -8.276876  47.395618   8.276876  35.605563  -8.276876 -14.610676   8.276876 -28.832162  -8.276876  19.933273   8.276876 
 -8.221088  47.332378   8.221088  36.036219  -8.221088 -13.907397   8.221088 -29.256611  -8.221088  19.312425   8.221088 
 -8.164110  47.263389   8.164110  36.457435  -8.164110 -13.195142   8.164110 -29.670185  -8.164110  18.681338   8.164110 
 -8.105954  47.188638   8.105954  36.869297  -8.105954 -12.474175   8.105954 -30.072940  -8.105954  18.040180   8.105954 
 -8.046629  47.108113   8.046629  37.271898  -8.046629 -11.744782   8.046629 -30.464936  -8.046629  17.389138   8.046629 
 -7.986147  47.021798   7.986147  37.665329  -7.986147 -11.007263   7.986147 -30.846235  -7.986147  16.728416   7.986147 
 -7.924524  46.929677   7.924524  38.049686  -7.924524 -10.261939   7.924524 -31.216904  -7.924524  16.058239   7.924524 
 -7.861773  46.831734   7.861773  38.425063  -7.861773  -9.509148   7.861773 -31.577013  -7.861773  15.378848   7.861773 
 -7.797912  46.727951   7.797912  38.791558  -7.797912  -8.749246   7.797912 -31.926635  -7.797912  14.690505   7.797912 
 -7.732959  46.618311   7.732959  39.149268  -7.732959  -7.982604   7.732959 -32.265844  -7.732959  13.993490   7.732959 
 -7.666935  46.502796   7.666935  39.498291  -7.666935  -7.209613   7.666935 -38.144613  -7.666935  13.288105   7.666935 
 -7.599862  46.381386   7.599862  39.838725  -7.599862  -6.430676   7.599862 -38.056548  -7.599862  12.574667   7.599862 
 -7.531765  46.254063   7.531765  40.170669  -7.531765  -5.646214   7.531765 -37.959972  -7.531765  11.853516   7.531765 
 -7.462669  46.120807   7.462669  40.494221  -7.462669  -4.856661   7.462669 -37.854859  -7.462669  11.125007   7.462669 
 -7.392605  45.981599   7.392605  40.809477  -7.392605  -4.062464   7.392605 -37.741180  -7.392605  10.389517   7.392605 
 -7.321601  45.836420   7.321601  41.116535  -7.321601  -3.264083   7.321601 -37.618903  -7.321601   9.647439   7.321601 
 -7.249693  45.685251   7.249693  41.415491  -7.249693  -2.461988   7.249693 -37.487990  -7.249693   8.899184   7.249693 
 -7.176914  45.528072   7.176914  41.706441  -7.176914  -1.656659   7.176914 -37.348405  -7.176914   8.145177   7.176914 
 -7.103303  45.364867   7.103303  41.989477  -7.103303  -0.848587   7.103303 -37.200105  -7.103303   7.385863   7.103303 
 -7.028900  45.195618   7.028900  42.264693  -7.028900  -0.038265   7.028900 -37.043046  -7.028900   6.621700   7.028900 
 -6.953749  45.020309   6.953749  42.532180  -6.953749   0.773804   6.953749 -36.877180  -6.953749   5.853158   6.953749 
 -6.877896  44.838923   6.877896  42.792028  -6.877896   1.587114   6.877896 -36.702458  -6.877896   5.080721   6.877896 
 -6.801388  44.651447   6.801388  43.044327  -6.801388   2.401157   6.801388 -36.518827  -6.801388   4.304885   6.801388 
 -6.724278  44.457868   6.724278  43.289161  -6.724278   3.215423   6.724278 -36.326231  -6.724278   3.526156   6.724278 
 -6.646619  44.258176   6.646619  43.526617  -6.646619   4.029404   6.646619 -36.124613  -6.646619   2.745047   6.646619 
 -6.568468  44.052361   6.568468  43.756778  -6.568468   4.842592   6.568468 -35.913912  -6.568468   1.962080   6.568468 
 -6.489886  43.840416   6.489886  43.979724  -6.489886   5.654483   6.489886 -35.694066  -6.489886   1.177782   6.489886 
 -6.410936  43.622337   6.410936  44.195536  -6.410936   6.464578   6.410936 -35.465010  -6.410936   0.392683   6.410936 
 -6.331684  43.398122   6.331684  44.404290  -6.331684   7.272385   6.331684 -35.226677  -6.331684  -0.392683   6.331684 
 -6.252198  43.167772   6.252198  44.606063  -6.252198   8.077419   6.252198 -34.979000  -6.252198  -1.177782   6.252198 
 -6.172551  42.931292   6.172551  44.800927  -6.172551   8.879205   6.172551 -34.721907  -6.172551  -1.962080   6.172551 
 -6.092818  42.688688   6.092818  44.988954  -6.092818   9.677279   6.092818 -34.455326  -6.092818  -2.745047   6.092818 
 -6.013077  42.439973   6.013077  45.170213  -6.013077  10.471186   6.013077 -34.179185  -6.013077  -3.526156   6.013077 
 -5.933410  42.185163   5.933410  45.344770  -5.933410  11.260487   5.933410 -33.893408  -5.933410  -4.304885   5.933410 
 -5.853901  41.924276   5.853901  45.512690  -5.853901  12.044755   5.853901 -33.597920  -5.853901  -5.080721   5.853901 
 -5.774637  41.657339   5.774637  45.674037  -5.774637  12.823577   5.774637 -33.292644  -5.774637  -5.853158   5.774637 
 -5.695709  41.384382   5.695709  45.828870  -5.695709  13.596559   5.695709 -32.977504  -5.695709  -6.621700   5.695709 
 -5.617210  41.105439   5.617210  45.977247  -5.617210  14.363319   5.617210 -32.652423  -5.617210  -7.385863   5.617210 
 -5.539237  40.820552   5.539237  46.119225  -5.539237  15.123496   5.539237 -32.317323  -5.539237  -8.145177   5.539237 
 -5.461889  40.529769   5.461889  46.254856  -5.461889  15.876743   5.461889 -31.972127  -5.461889  -8.899184   5.461889 
 -5.385267  40.233143   5.385267  46.384193  -5.385267  16.622733   5.385267 -31.616759  -5.385267  -9.647439   5.385267 
 -5.309478  39.930737   5.309478  46.507285  -5.309478  17.361158   5.309478 -31.251143  -5.309478 -10.389517   5.309478 
 -5.234628  39.622618   5.234628  46.624179  -5.234628  18.091725   5.234628 -30.875205  -5.234628 -11.125007   5.234628 
 -5.160828  39.308864   5.160828  46.734919  -5.160828  18.814163   5.160828 -30.488872  -5.160828 -11.853516   5.160828 
 -5.088190  38.989558   5.088190  46.839549  -5.088190  19.528219   5.088190 -30.092074  -5.088190 -12.574667   5.088190 
 -5.016832  38.664793   5.016832  46.938108  -5.016832  20.233656   5.016832 -29.684743  -5.016832 -13.288105   5.016832 
 -4.946871  38.334673   4.946871  47.030636  -4.946871  20.930257   4.946871 -29.266813  -4.946871 -13.993490   4.946871 
 -4.878427  37.999309   4.878427  47.117167  -4.878427  21.617826   4.878427 -28.838222  -4.878427 -14.690505   4.878427 
 -4.811624  37.658823   4.811624  47.197737  -4.811624  22.296179   4.811624 -28.398912  -4.811624 -15.378848   4.811624 
 -4.746587  37.313347   4.746587  47.272376  -4.746587  22.965155   4.746587 -27.948829  -4.746587 -16.058239   4.746587 
 -4.683445  36.963024   4.683445  47.341116  -4.683445  23.624606   4.683445 -27.487923  -4.683445 -16.728416   4.683445 
 -4.622327  36.608007   4.622327  47.403982  -4.622327  24.274403   4.622327 -27.016152  -4.622327 -17.389138   4.622327 
 -4.563367  36.248463   4.563367  47.461001  -4.563367  24.914432   4.563367 -26.533477  -4.563367 -18.040180   4.563367 
 -4.506698  35.884569   4.506698  47.512196  -4.506698  25.544596   4.506698 -26.039866  -4.506698 -18.681338   4.506698 
 -4.452459  35.516514   4.452459  47.557590  -4.452459  26.164811   4.452459 -25.535296  -4.452459 -19.312425   4.452459 
 -4.400788  35.144501   4.400788  47.597200  -4.400788  26.775008   4.400788 -25.019750  -4.400788 -19.933273   4.400788 
 -4.351827  34.768746   4.351827  47.631045  -4.351827  27.375133   4.351827 -24.493219  -4.351827 -20.543730   4.351827 
 -4.305722  34.389478   4.305722  47.659141  -4.305722  27.965144   4.305722 -23.955705  -4.305722 -21.143662   4.305722 
 -4.262617  34.006940   4.262617  47.681501  -4.262617  28.545010   4.262617 -23.407218  -4.262617 -21.732950   4.262617 
 -4.222663  33.621388   4.222663  47.698136  -4.222663  29.114716   4.222663 -22.847779  -4.222663 -22.311491   4.222663 
 -4.186010  33.233093   4.186010  47.709057  -4.186010  29.674253   4.186010 -22.277419  -4.186010 -22.879199   4.186010 
 -4.152814  32.842341   4.152814  47.714272  -4.152814  30.223626   4.152814 -21.696181  -4.152814 -23.435998   4.152814 
 -4.123231  32.449432   4.123231  47.713786  -4.123231  30.762848   4.123231 -21.104123  -4.123231 -23.981831   4.123231 
 -4.097422  32.054681   4.097422  47.707606  -4.097422  31.291943   4.097422 -20.501311  -4.097422 -24.516650   4.097422 
 -4.075549  31.658418   4.075549  47.695732  -4.075549  31.810941   4.075549 -19.887829  -4.075549 -25.040420   4.075549 
 -4.057780  31.260988   4.057780  47.678167  -4.057780  32.319882   4.057780 -19.263773  -4.057780 -25.553118   4.057780 
 -4.044283  30.862753   4.044283  47.654910  -4.044283  32.818813   4.044283 -18.629255  -4.044283 -26.054733   4.044283 
 -4.035234  30.464089   4.035234  47.625959  -4.035234  33.307787   4.035234 -17.984400  -4.035234 -26.545261   4.035234 
 -4.030809  30.065385   4.030809  47.591311  -4.030809  33.786863   4.030809 -17.329353  -4.030809 -27.024711   4.030809 
 -4.031190  29.667050   4.031190  47.550960  -4.031190  34.256106   4.031190 -16.664272  -4.031190 -27.493098   4.031190 
 -4.036564  29.269504   4.036564  47.504899  -4.036564  34.715587   4.036564 -15.989334  -4.036564 -27.950447   4.036564 
 -4.047122  28.873185   4.047122  47.453122  -4.047122  35.165379   4.047122 -15.304731  -4.047122 -28.396789   4.047122 
 -4.063061  28.478546   4.063061  47.395618  -4.063061  35.605563   4.063061 -14.610676  -4.063061 -28.832162   4.063061 
 -4.084582  28.086052   4.084582  47.332378  -4.084582  36.036219   4.084582 -13.907397  -4.084582 -29.256611   4.084582 
 -4.111893  27.696186   4.111893  47.263389  -4.111893  36.457435   4.111893 -13.195142  -4.111893 -29.670185   4.111893 
 -4.145208  27.309444   4.145208  47.188638  -4.145208  36.869297   4.145208 -12.474175  -4.145208 -30.072940   4.145208 
 -4.184747  26.926336   4.184747  47.108113  -4.184747  37.271898   4.184747 -11.744782  -4.184747 -30.464936   4.184747 
 -4.230738  26.547388   4.230738  47.021798  -4.230738  37.665329   4.230738 -11.007263  -4.230738 -30.846235   4.230738 
 -4.283415  26.173138   4.283415  46.929677  -4.283415  38.049686   4.283415 -10.261939  -4.283415 -31.216904   4.283415 
 -4.343021  25.804138   4.343021  46.831734  -4.343021  38.425063   4.343021  -9.509148  -4.343021 -31.577013   4.343021 
 -4.409807  25.440952   4.409807  46.727951  -4.409807  38.791558   4.409807  -8.749246  -4.409807 -31.926635   4.409807 
 -4.484031  25.084161   4.484031  46.618311  -4.484031  39.149268   4.484031  -7.982604  -4.484031 -32.265844   4.484031 
 -4.565960  24.734354   4.565960  46.502796  -4.565960  39.498291   4.565960  -7.209613  -4.565960 -38.144613   4.565960 
 -4.655873  24.392135   4.655873  46.381386  -4.655873  39.838725   4.655873  -6.430676  -4.655873 -38.056548   4.655873 
 -4.754054  24.058120   4.754054  46.254063  -4.754054  40.170669   4.754054  -5.646214  -4.754054 -37.959972   4.754054 
 -4.860799  23.732937   4.860799  46.120807  -4.860799  40.494221   4.860799  -4.856661  -4.860799 -37.854859   4.860799 
 -4.976414  23.417226   4.976414  45.981599  -4.976414  40.809477   4.976414  -4.062464  -4.976414 -37.741180   4.976414 
 -5.101215  23.111637   5.101215  45.836420  -5.101215  41.116535   5.101215  -3.264083  -5.101215 -37.618903   5.101215 
 -5.235527  22.816834   5.235527  45.685251  -5.235527  41.415491   5.235527  -2.461988  -5.235527 -37.487990   5.235527 
 -5.379684  22.533491   5.379684  45.528072  -5.379684  41.706441   5.379684  -1.656659  -5.379684 -37.348405   5.379684 
 -5.534034  22.262293   5.534034  45.364867  -5.534034  41.989477   5.534034  -0.848587  -5.534034 -37.200105   5.534034 
 -5.698930  22.003939   5.698930  45.195618  -5.698930  42.264693   5.698930  -0.038265  -5.698930 -37.043046   5.698930 
 -5.874737  21.759137   5.874737  45.020309  -5.874737  42.532180   5.874737   0.773804  -5.874737 -36.877180   5.874737 
 -6.061829  21.528608   6.061829  44.838923  -6.061829  42.792028   6.061829   1.587114  -6.061829 -36.702458   6.061829 
 -6.260589  21.313085   6.260589  44.651447  -6.260589  43.044327   6.260589   2.401157  -6.260589 -36.518827   6.260589 
 -6.471408  21.113314   6.471408  44.457868  -6.471408  43.289161   6.471408   3.215423  -6.471408 -36.326231   6.471408 
 -6.694684  20.930052   6.694684  44.258176  -6.694684  43.526617   6.694684   4.029404  -6.694684 -36.124613   6.694684 
 -6.930826  20.764071   6.930826  44.052361  -6.930826  43.756778   6.930826   4.842592  -6.930826 -35.913912   6.930826 
 -7.180249  20.616157   7.180249  43.840416  -7.180249  43.979724   7.180249   5.654483  -7.180249 -35.694066   7.180249 
 -7.443377  20.487110   7.443377  43.622337  -7.443377  44.195536   7.443377   6.464578  -7.443377 -35.465010   7.443377 
 -7.720645  20.377747   7.720645  43.398122  -7.720645  44.404290   7.720645   7.272385  -7.720645 -35.226677   7.720645 
 -8.012501  20.288899   8.012501  43.167772  -8.012501  44.606063   8.012501   8.077419  -8.012501 -34.979000   8.012501 
 -8.319409  20.221417   8.319409  42.931292  -8.319409  44.800927   8.319409   8.879205  -8.319409 -34.721907   8.319409 
 -8.641856  20.176169   8.641856  42.688688  -8.641856  44.988954   8.641856   9.677279  -8.641856 -34.455326   8.641856 
 -8.980362  20.154043   8.980362  42.439973  -8.980362  45.170213   8.980362  10.471186  -8.980362 -34.179185   8.980362 
 -9.335498  20.155950   9.335498  42.185163  -9.335498  45.344770   9.335498  11.260487  -9.335498 -33.893408   9.335498 
 -9.707902  20.182820   9.707902  41.924276  -9.707902  45.512690   9.707902  12.044755  -9.707902 -33.597920   9.707902 
-10.098316  20.235611  10.098316  41.657339 -10.098316  45.674037  10.098316  12.823577 -10.098316 -33.292644  10.098316 
-10.507634  20.315304  10.507634  41.384382 -10.507634  45.828870  10.507634  13.596559 -10.507634 -32.977504  10.507634 
-10.936975  20.422909  10.936975  41.105439 -10.936975  45.977247  10.936975  14.363319 -10.936975 -32.652423  10.936975 
-11.387794  20.559464  11.387794  40.820552 -11.387794  46.119225  11.387794  15.123496 -11.387794 -32.317323  11.387794 
-11.862058  20.726038  11.862058  40.529769 -11.862058  46.254856  11.862058  15.876743 -11.862058 -31.972127  11.862058 
-12.362542  20.923735  12.362542  40.233143 -12.362542  46.384193  12.362542  16.622733 -12.362542 -31.616759  12.362542 
-12.893336  21.153689  12.893336  39.930737 -12.893336  46.507285  12.893336  17.361158 -12.893336 -31.251143  12.893336 
-13.460815  21.417076  13.460815  39.622618 -13.460815  46.624179  13.460815  18.091725 -13.460815 -30.875205  13.460815 
-14.075705  21.715107  14.075705  39.308864 -14.075705  46.734919  14.075705  18.814163 -14.075705 -30.488872  14.075705 
-14.758351  22.049035  14.758351  38.989558 -14.758351  46.839549  14.758351  19.528219 -14.758351 -30.092074  14.758351 
-15.557373  22.420154  15.557373  38.664793 -15.557373  46.938108  15.557373  20.233656 -15.557373 -29.684743  15.557373 
  7.628923  22.829802  -7.628923  38.334673   7.628923  47.030636  -7.628923  20.930257   7.628923 -29.266813  -7.628923 
  7.627227  23.279363  -7.627227  37.999309   7.627227  47.117167  -7.627227  21.617826   7.627227 -28.838222  -7.627227 
  7.623835  23.770268  -7.623835  37.658823   7.623835  47.197737  -7.623835  22.296179   7.623835 -28.398912  -7.623835 
  7.618745  24.303994  -7.618745  37.313347   7.618745  47.272376  -7.618745  22.965155   7.618745 -27.948829  -7.618745 
  7.611955  24.882071  -7.611955  36.963024   7.611955  47.341116  -7.611955  23.624606   7.611955 -27.487923  -7.611955 
  7.603463  25.506075  -7.603463  36.608007   7.603463  47.403982  -7.603463  24.274403   7.603463 -27.016152  -7.603463 
  7.593265  26.177633  -7.593265  36.248463   7.593265  47.461001  -7.593265  24.914432   7.593265 -26.533477  -7.593265 
  7.581358  26.898422  -7.581358  35.884569   7.581358  47.512196  -7.581358  25.544596   7.581358 -26.039866  -7.581358 
  7.567736  27.670169  -7.567736  35.516514   7.567736  47.557590  -7.567736  26.164811   7.567736 -25.535296  -7.567736 
  7.552395  28.494650  -7.552395  35.144501   7.552395  47.597200  -7.552395  26.775008   7.552395 -25.019750  -7.552395 
  7.535328  29.373686  -7.535328  34.768746   7.535328  47.631045  -7.535328  27.375133   7.535328 -24.493219  -7.535328 
  7.516529  30.309147  -7.516529  34.389478   7.516529  47.659141  -7.516529  27.965144   7.516529 -23.955705  -7.516529 
  7.495991  31.302946  -7.495991  34.006940   7.495991  47.681501  -7.495991  28.545010   7.495991 -23.407218  -7.495991 
  7.473707  32.357038  -7.473707  33.621388   7.473707  47.698136  -7.473707  29.114716   7.473707 -22.847779  -7.473707 
  7.449666  33.473420  -7.449666  33.233093   7.449666  47.709057  -7.449666  29.674253   7.449666 -22.277419  -7.449666 
  7.423862  34.654129  -7.423862  32.842341   7.423862  47.714272  -7.423862  30.223626   7.423862 -21.696181  -7.423862 
  7.396284  35.901243  -7.396284  32.449432   7.396284  47.713786  -7.396284  30.762848   7.396284 -21.104123  -7.396284 
  7.366921  37.216884  -7.366921  32.054681   7.366921  47.707606  -7.366921  31.291943   7.366921 -20.501311  -7.366921 
  7.335764  38.603226  -7.335764  31.658418   7.335764  47.695732  -7.335764  31.810941   7.335764 -19.887829  -7.335764 
  7.302802  40.062506  -7.302802  31.260988   7.302802  47.678167  -7.302802  32.319882   7.302802 -19.263773  -7.302802 
  7.268021  41.597044  -7.268021  30.862753   7.268021  47.654910  -7.268021  32.818813   7.268021 -18.629255  -7.268021 
  7.231411  43.209278  -7.231411  30.464089   7.231411  47.625959  -7.231411  33.307787   7.231411 -17.984400  -7.231411 
  7.192958  44.901812  -7.192958  30.065385   7.192958  47.591311  -7.192958  33.786863   7.192958 -17.329353  -7.192958 
  7.152650  46.677490  -7.152650  29.667050   7.152650  47.550960  -7.152650  34.256106   7.152650 -16.664272  -7.152650 
  7.110472  48.539509  -7.110472  29.269504   7.110472  47.504899  -7.110472  34.715587   7.110472 -15.989334  -7.110472 
  7.066412  50.491580  -7.066412  28.873185   7.066412  47.453122  -7.066412  35.165379   7.066412 -15.304731  -7.066412 
  7.020453  52.538171  -7.020453  28.478546   7.020453  47.395618  -7.020453  35.605563   7.020453 -14.610676  -7.020453 
  6.972583  54.684875  -6.972583  28.086052   6.972583  47.332378  -6.972583  36.036219   6.972583 -13.907397  -6.972583 
  6.922785  56.938968  -6.922785  27.696186   6.922785  47.263389  -6.922785  36.457435   6.922785 -13.195142  -6.922785 
  6.871045  59.310290  -6.871045  27.309444   6.871045  47.188638  -6.871045  36.869297   6.871045 -12.474175  -6.871045 
  6.817347  61.812711  -6.817347  26.926336   6.817347  47.108113  -6.817347  37.271898   6.817347 -11.744782  -6.817347 
  6.761676  64.466681  -6.761676  26.547388   6.761676  47.021798  -6.761676  37.665329   6.761676 -11.007263  -6.761676 
  6.704016  67.304076  -6.704016  26.173138   6.704016  46.929677  -6.704016  38.049686   6.704016 -10.261939  -6.704016 
  6.644351  70.378526  -6.644351  25.804138   6.644351  46.831734  -6.644351  38.425063   6.644351  -9.509148  -6.644351 
  6.582665  73.791756  -6.582665  25.440952   6.582665  46.727951  -6.582665  38.791558   6.582665  -8.749246  -6.582665 
  6.518943  77.786863  -6.518943  25.084161   6.518943  46.618311  -6.518943  39.149268   6.518943  -7.982604  -6.518943 
  6.453169 -38.144613  -6.453169  24.734354   6.453169  46.502796  -6.453169  39.498291   6.453169  -7.209613  -6.453169 
  6.385327 -38.136134  -6.385327  24.392135   6.385327  46.381386  -6.385327  39.838725   6.385327  -6.430676  -6.385327 
  6.315403 -38.119173  -6.315403  24.058120   6.315403  46.254063  -6.315403  40.170669   6.315403  -5.646214  -6.315403 
  6.243381 -38.093724  -6.243381  23.732937   6.243381  46.120807  -6.243381  40.494221   6.243381  -4.856661  -6.243381 
  6.169247 -38.059776  -6.169247  23.417226   6.169247  45.981599  -6.169247  40.809477   6.169247  -4.062464  -6.169247 
  6.092987 -38.017315  -6.092987  23.111637   6.092987  45.836420  -6.092987  41.116535   6.092987  -3.264083  -6.092987 
  6.014588 -37.966327  -6.014588  22.816834   6.014588  45.685251  -6.014588  41.415491   6.014588  -2.461988  -6.014588 
  5.934037 -37.906789  -5.934037  22.533491   5.934037  45.528072  -5.934037  41.706441   5.934037  -1.656659  -5.934037 
  5.851322 -37.838681  -5.851322  22.262293   5.851322  45.364867  -5.851322  41.989477   5.851322  -0.848587  -5.851322 
  5.766432 -37.761974  -5.766432  22.003939   5.766432  45.195618  -5.766432  42.264693   5.766432  -0.038265  -5.766432 
  5.679358 -37.676641  -5.679358  21.759137   5.679358  45.020309  -5.679358  42.532180   5.679358   0.773804  -5.679358 
  5.590089 -37.582647  -5.590089  21.528608   5.590089  44.838923  -5.590089  42.792028   5.590089   1.587114  -5.590089 
  5.498620 -37.479957  -5.498620  21.313085   5.498620  44.651447  -5.498620  43.044327   5.498620   2.401157  -5.498620 
  5.404942 -37.368533  -5.404942  21.113314   5.404942  44.457868  -5.404942  43.289161   5.404942   3.215423  -5.404942 
  5.309052 -37.248332  -5.309052  20.930052   5.309052  44.258176  -5.309052  43.526617   5.309052   4.029404  -5.309052 
  5.210947 -37.119310  -5.210947  20.764071   5.210947  44.052361  -5.210947  43.756778   5.210947   4.842592  -5.210947 
  5.110624 -36.981418  -5.110624  20.616157   5.110624  43.840416  -5.110624  43.979724   5.110624   5.654483  -5.110624 
  5.008084 -36.834607  -5.008084  20.487110   5.008084  43.622337  -5.008084  44.195536   5.008084   6.464578  -5.008084 
  4.903330 -36.678822  -4.903330  20.377747   4.903330  43.398122  -4.903330  44.404290   4.903330   7.272385  -4.903330 
  4.796366 -36.514008  -4.796366  20.288899   4.796366  43.167772  -4.796366  44.606063   4.796366   8.077419  -4.796366 
  4.687200 -36.340106  -4.687200  20.221417   4.687200  42.931292  -4.687200  44.800927   4.687200   8.879205  -4.687200 
  4.575840 -36.157055  -4.575840  20.176169   4.575840  42.688688  -4.575840  44.988954   4.575840   9.677279  -4.575840 
  4.462298 -35.964792  -4.462298  20.154043   4.462298  42.439973  -4.462298  45.170213   4.462298  10.471186  -4.462298 
  4.346590 -35.763250  -4.346590  20.155950   4.346590  42.185163  -4.346590  45.344770   4.346590  11.260487  -4.346590 
  4.228732 -35.552362  -4.228732  20.182820   4.228732  41.924276  -4.228732  45.512690   4.228732  12.044755  -4.228732 
  4.108746 -35.332058  -4.108746  20.235611   4.108746  41.657339  -4.108746  45.674037   4.108746  12.823577  -4.108746 
  3.986655 -35.102267  -3.986655  20.315304   3.986655  41.384382  -3.986655  45.828870   3.986655  13.596559  -3.986655 
  3.862485 -34.862915  -3.862485  20.422909   3.862485  41.105439  -3.862485  45.977247   3.862485  14.363319  -3.862485 
  3.736268 -34.613926  -3.736268  20.559464   3.736268  40.820552  -3.736268  46.119225   3.736268  15.123496  -3.736268 
  3.608036 -34.355226  -3.608036  20.726038   3.608036  40.529769  -3.608036  46.254856   3.608036  15.876743  -3.608036 
  3.477828 -34.086737  -3.477828  20.923735   3.477828  40.233143  -3.477828  46.384193   3.477828  16.622733  -3.477828 
  3.345683 -33.808382  -3.345683  21.153689   3.345683  39.930737  -3.345683  46.507285   3.345683  17.361158  -3.345683 
  3.211648 -33.520080  -3.211648  21.417076   3.211648  39.622618  -3.211648  46.624179   3.211648  18.091725  -3.211648 
  3.075770 -33.221755  -3.075770  21.715107   3.075770  39.308864  -3.075770  46.734919   3.075770  18.814163  -3.075770 
  2.938101 -32.913326  -2.938101  22.049035   2.938101  38.989558  -2.938101  46.839549   2.938101  19.528219  -2.938101 
  2.798698 -32.594715  -2.798698  22.420154   2.798698  38.664793  -2.798698  46.938108   2.798698  20.233656  -2.798698 
  2.657621 -32.265844  -2.657621  22.829802   2.657621  38.334673  -2.657621  47.030636   2.657621  20.930257  -2.657621 
  2.514933 -31.926635  -2.514933  23.279363   2.514933  37.999309  -2.514933  47.117167   2.514933  21.617826  -2.514933 
  2.370703 -31.577013  -2.370703  23.770268   2.370703  37.658823  -2.370703  47.197737   2.370703  22.296179  -2.370703 
  2.225001 -31.216904  -2.225001  24.303994   2.225001  37.313347  -2.225001  47.272376   2.225001  22.965155  -2.225001 
  2.077903 -30.846235  -2.077903  24.882071   2.077903  36.963024  -2.077903  47.341116   2.077903  23.624606  -2.077903 
  1.929488 -30.464936  -1.929488  25.506075   1.929488  36.608007  -1.929488  47.403982   1.929488  24.274403  -1.929488 
  1.779837 -30.072940  -1.779837  26.177633   1.779837  36.248463  -1.779837  47.461001   1.779837  24.914432  -1.779837 
  1.629035 -29.670185  -1.629035  26.898422   1.629035  35.884569  -1.629035  47.512196   1.629035  25.544596  -1.629035 
  1.477173 -29.256611  -1.477173  27.670169   1.477173  35.516514  -1.477173  47.557590   1.477173  26.164811  -1.477173 
  1.324340 -28.832162  -1.324340  28.494650   1.324340  35.144501  -1.324340  47.597200   1.324340  26.775008  -1.324340 
  1.170632 -28.396789  -1.170632  29.373686   1.170632  34.768746  -1.170632  47.631045   1.170632  27.375133  -1.170632 
  1.016144 -27.950447  -1.016144  30.309147   1.016144  34.389478  -1.016144  47.659141   1.016144  27.965144  -1.016144 
  0.860977 -27.493098  -0.860977  31.302946   0.860977  34.006940  -0.860977  47.681501   0.860977  28.545010  -0.860977 
  0.705231 -27.024711  -0.705231  32.357038   0.705231  33.621388  -0.705231  47.698136   0.705231  29.114716  -0.705231 
  0.549009 -26.545261  -0.549009  33.473420   0.549009  33.233093  -0.549009  47.709057   0.549009  29.674253  -0.549009 
  0.392416 -26.054733  -0.392416  34.654129   0.392416  32.842341  -0.392416  47.714272   0.392416  30.223626  -0.392416 
  0.235556 -25.553118  -0.235556  35.901243   0.235556  32.449432  -0.235556  47.713786   0.235556  30.762848  -0.235556 
  0.078537 -25.040420  -0.078537  37.216884   0.078537  32.054681  -0.078537  47.707606   0.078537  31.291943  -0.078537 
 -0.078537 -24.516650   0.078537  38.603226  -0.078537  31.658418   0.078537  47.695732  -0.078537  31.810941   0.078537 
 -0.235556 -23.981831   0.235556  40.062506  -0.235556  31.260988   0.235556  47.678167  -0.235556  32.319882   0.235556 
 -0.392416 -23.435998   0.392416  41.597044  -0.392416  30.862753   0.392416  47.654910  -0.392416  32.818813   0.392416 
 -0.549009 -22.879199   0.549009  43.209278  -0.549009  30.464089   0.549009  47.625959  -0.549009  33.307787   0.549009 
 -0.705231 -22.311491   0.705231  44.901812  -0.705231  30.065385   0.705231  47.591311  -0.705231  33.786863   0.705231 
 -0.860977 -21.732950   0.860977  46.677490  -0.860977  29.667050   0.860977  47.550960  -0.860977  34.256106   0.860977 
 -1.016144 -21.143662   1.016144  48.539509  -1.016144  29.269504   1.016144  47.504899  -1.016144  34.715587   1.016144 
 -1.170632 -20.543730   1.170632  50.491580  -1.170632  28.873185   1.170632  47.453122  -1.170632  35.165379   1.170632 
 -1.324340 -19.933273   1.324340  52.538171  -1.324340  28.478546   1.324340  47.395618  -1.324340  35.605563   1.324340 
 -1.477173 -19.312425   1.477173  54.684875  -1.477173  28.086052   1.477173  47.332378  -1.477173  36.036219   1.477173 
 -1.629035 -18.681338   1.629035  56.938968  -1.629035  27.696186   1.629035  47.263389  -1.629035  36.457435   1.629035 
 -1.779837 -18.040180   1.779837  59.310290  -1.779837  27.309444   1.779837  47.188638  -1.779837  36.869297   1.779837 
 -1.929488 -17.389138   1.929488  61.812711  -1.929488  26.926336   1.929488  47.108113  -1.929488  37.271898   1.929488 
 -2.077903 -16.728416   2.077903  64.466681  -2.077903  26.547388   2.077903  47.021798  -2.077903  37.665329   2.077903 
 -2.225001 -16.058239   2.225001  67.304076  -2.225001  26.173138   2.225001  46.929677  -2.225001  38.049686   2.225001 
 -2.370703 -15.378848   2.370703  70.378526  -2.370703  25.804138   2.370703  46.831734  -2.370703  38.425063   2.370703 
 -2.514933 -14.690505   2.514933  73.791756  -2.514933  25.440952   2.514933  46.727951  -2.514933  38.791558   2.514933 
 -2.657621 -13.993490   2.657621  77.786863  -2.657621  25.084161   2.657621  46.618311  -2.657621  39.149268   2.657621 
 -2.798698 -13.288105   2.798698 -38.144613  -2.798698  24.734354   2.798698  46.502796  -2.798698  39.498291   2.798698 
 -2.938101 -12.574667   2.938101 -38.136134  -2.938101  24.392135   2.938101  46.381386  -2.938101  39.838725   2.938101 
 -3.075770 -11.853516   3.075770 -38.119173  -3.075770  24.058120   3.075770  46.254063  -3.075770  40.170669   3.075770 
 -3.211648 -11.125007   3.211648 -38.093724  -3.211648  23.732937   3.211648  46.120807  -3.211648  40.494221   3.211648 
 -3.345683 -10.389517   3.345683 -38.059776  -3.345683  23.417226   3.345683  45.981599  -3.345683  40.809477   3.345683 
 -3.477828  -9.647439   3.477828 -38.017315  -3.477828  23.111637   3.477828  45.836420  -3.477828  41.116535   3.477828 
 -3.608036  -8.899184   3.608036 -37.966327  -3.608036  22.816834   3.608036  45.685251  -3.608036  41.415491   3.608036 
 -3.736268  -8.145177   3.736268 -37.906789  -3.736268  22.533491   3.736268  45.528072  -3.736268  41.706441   3.736268 
 -3.862485  -7.385863   3.862485 -37.838681  -3.862485  22.262293   3.862485  45.364867  -3.862485  41.989477   3.862485 
 -3.986655  -6.621700   3.986655 -37.761974  -3.986655  22.003939   3.986655  45.195618  -3.986655  42.264693   3.986655 
 -4.108746  -5.853158   4.108746 -37.676641  -4.108746  21.759137   4.108746  45.020309  -4.108746  42.532180   4.108746 
 -4.228732  -5.080721   4.228732 -37.582647  -4.228732  21.528608   4.228732  44.838923  -4.228732  42.792028   4.228732 
 -4.346590  -4.304885   4.346590 -37.479957  -4.346590  21.313085   4.346590  44.651447  -4.346590  43.044327   4.346590 
 -4.462298  -3.526156   4.462298 -37.368533  -4.462298  21.113314   4.462298  44.457868  -4.462298  43.289161   4.462298 
 -4.575840  -2.745047   4.575840 -37.248332  -4.575840  20.930052   4.575840  44.258176  -4.575840  43.526617   4.575840 
 -4.687200  -1.962080   4.687200 -37.119310  -4.687200  20.764071   4.687200  44.052361  -4.687200  43.756778   4.687200 
 -4.796366  -1.177782   4.796366 -36.981418  -4.796366  20.616157   4.796366  43.840416  -4.796366  43.979724   4.796366 
 -4.903330  -0.392683   4.903330 -36.834607  -4.903330  20.487110   4.903330  43.622337  -4.903330  44.195536   4.903330 
 -5.008084   0.392683   5.008084 -36.678822  -5.008084  20.377747   5.008084  43.398122  -5.008084  44.404290   5.008084 
 -5.110624   1.177782   5.110624 -36.514008  -5.110624  20.288899   5.110624  43.167772  -5.110624  44.606063   5.110624 
 -5.210947   1.962080   5.210947 -36.340106  -5.210947  20.221417   5.210947  42.931292  -5.210947  44.800927   5.210947 
 -5.309052   2.745047   5.309052 -36.157055  -5.309052  20.176169   5.309052  42.688688  -5.309052  44.988954   5.309052 
 -5.404942   3.526156   5.404942 -35.964792  -5.404942  20.154043   5.404942  42.439973  -5.404942  45.170213   5.404942 
 -5.498620   4.304885   5.498620 -35.763250  -5.498620  20.155950   5.498620  42.185163  -5.498620  45.344770   5.498620 
 -5.590089   5.080721   5.590089 -35.552362  -5.590089  20.182820   5.590089  41.924276  -5.590089  45.512690   5.590089 
 -5.679358   5.853158   5.679358 -35.332058  -5.679358  20.235611   5.679358  41.657339  -5.679358  45.674037   5.679358 
 -5.766432   6.621700   5.766432 -35.102267  -5.766432  20.315304   5.766432  41.384382  -5.766432  45.828870   5.766432 
 -5.851322   7.385863   5.851322 -34.862915  -5.851322  20.422909   5.851322  41.105439  -5.851322  45.977247   5.851322 
 -5.934037   8.145177   5.934037 -34.613926  -5.934037  20.559464   5.934037  40.820552  -5.934037  46.119225   5.934037 
 -6.014588   8.899184   6.014588 -34.355226  -6.014588  20.726038   6.014588  40.529769  -6.014588  46.254856   6.014588 
 -6.092987   9.647439   6.092987 -34.086737  -6.092987  20.923735   6.092987  40.233143  -6.092987  46.384193   6.092987 
 -6.169247  10.389517   6.169247 -33.808382  -6.169247  21.153689   6.169247  39.930737  -6.169247  46.507285   6.169247 
 -6.243381  11.125007   6.243381 -33.520080  -6.243381  21.417076   6.243381  39.622618  -6.243381  46.624179   6.243381 
 -6.315403  11.853516   6.315403 -33.221755  -6.315403  21.715107   6.315403  39.308864  -6.315403  46.734919   6.315403 
 -6.385327  12.574667   6.385327 -32.913326  -6.385327  22.049035   6.385327  38.989558  -6.385327  46.839549   6.385327 
 -6.453169  13.288105   6.453169 -32.594715  -6.453169  22.420154   6.453169  38.664793  -6.453169  46.938108   6.453169 
 -6.518943  13.993490   6.518943 -32.265844  -6.518943  22.829802   6.518943  38.334673  -6.518943  47.030636   6.518943 
 -6.582665  14.690505   6.582665 -31.926635  -6.582665  23.279363   6.582665  37.999309  -6.582665  47.117167   6.582665 
 -6.644351  15.378848   6.644351 -31.577013  -6.644351  23.770268   6.644351  37.658823  -6.644351  47.197737   6.644351 
 -6.704016  16.058239   6.704016 -31.216904  -6.704016  24.303994   6.704016  37.313347  -6.704016  47.272376   6.704016 
 -6.761676  16.728416   6.761676 -30.846235  -6.761676  24.882071   6.761676  36.963024  -6.761676  47.341116   6.761676 
 -6.817347  17.389138   6.817347 -30.464936  -6.817347  25.506075   6.817347  36.608007  -6.817347  47.403982   6.817347 
 -6.871045  18.040180   6.871045 -30.072940  -6.871045  26.177633   6.871045  36.248463  -6.871045  47.461001   6.871045 
 -6.922785  18.681338   6.922785 -29.670185  -6.922785  26.898422   6.922785  35.884569  -6.922785  47.512196   6.922785 
 -6.972583  19.312425   6.972583 -29.256611  -6.972583  27.670169   6.972583  35.516514  -6.972583  47.557590   6.972583 
 -7.020453  19.933273   7.020453 -28.832162  -7.020453  28.494650   7.020453  35.144501  -7.020453  47.597200   7.020453 
 -7.066412  20.543730   7.066412 -28.396789  -7.066412  29.373686   7.066412  34.768746  -7.066412  47.631045   7.066412 
 -7.110472  21.143662   7.110472 -27.950447  -7.110472  30.309147   7.110472  34.389478  -7.110472  47.659141   7.110472 
 -7.152650  21.732950   7.152650 -27.493098  -7.152650  31.302946   7.152650  34.006940  -7.152650  47.681501   7.152650 
 -7.192958  22.311491   7.192958 -27.024711  -7.192958  32.357038   7.192958  33.621388  -7.192958  47.698136   7.192958 
 -7.231411  22.879199   7.231411 -26.545261  -7.231411  33.473420   7.231411  33.233093  -7.231411  47.709057   7.231411 
 -7.268021  23.435998   7.268021 -26.054733  -7.268021  34.654129   7.268021  32.842341  -7.268021  47.714272   7.268021 
 -7.302802  23.981831   7.302802 -25.553118  -7.302802  35.901243   7.302802  32.449432  -7.302802  47.713786   7.302802 
 -7.335764  24.516650   7.335764 -25.040420  -7.335764  37.216884   7.335764  32.054681  -7.335764  47.707606   7.335764 
 -7.366921  25.040420   7.366921 -24.516650  -7.366921  38.603226   7.366921  31.658418  -7.366921  47.695732   7.366921 
 -7.396284  25.553118   7.396284 -23.981831  -7.396284  40.062506   7.396284  31.260988  -7.396284  47.678167   7.396284 
 -7.423862  26.054733   7.423862 -23.435998  -7.423862  41.597044   7.423862  30.862753  -7.423862  47.654910   7.423862 
 -7.449666  26.545261   7.449666 -22.879199  -7.449666  43.209278   7.449666  30.464089  -7.449666  47.625959   7.449666 
 -7.473707  27.024711   7.473707 -22.311491  -7.473707  44.901812   7.473707  30.065385  -7.473707  47.591311   7.473707 
 -7.495991  27.493098   7.495991 -21.732950  -7.495991  46.677490   7.495991  29.667050  -7.495991  47.550960   7.495991 
 -7.516529  27.950447   7.516529 -21.143662  -7.516529  48.539509   7.516529  29.269504  -7.516529  47.504899   7.516529 
 -7.535328  28.396789   7.535328 -20.543730  -7.535328  50.491580   7.535328  28.873185  -7.535328  47.453122   7.535328 
 -7.552395  28.832162   7.552395 -19.933273  -7.552395  52.538171   7.552395  28.478546  -7.552395  47.395618   7.552395 
 -7.567736  29.256611   7.567736 -19.312425  -7.567736  54.684875   7.567736  28.086052  -7.567736  47.332378   7.567736 
 -7.581358  29.670185   7.581358 -18.681338  -7.581358  56.938968   7.581358  27.696186  -7.581358  47.263389   7.581358 
 -7.593265  30.072940   7.593265 -18.040180  -7.593265  59.310290   7.593265  27.309444  -7.593265  47.188638   7.593265 
 -7.603463  30.464936   7.603463 -17.389138  -7.603463  61.812711   7.603463  26.926336  -7.603463  47.108113   7.603463 
 -7.611955  30.846235   7.611955 -16.728416  -7.611955  64.466681   7.611955  26.547388  -7.611955  47.021798   7.611955 
 -7.618745  31.216904   7.618745 -16.058239  -7.618745  67.304076   7.618745  26.173138  -7.618745  46.929677   7.618745 
 -7.623835  31.577013   7.623835 -15.378848  -7.623835  70.378526   7.623835  25.804138  -7.623835  46.831734   7.623835 
 -7.627227  31.926635   7.627227 -14.690505  -7.627227  73.791756   7.627227  25.440952  -7.627227  46.727951   7.627227 
 -7.628923  32.265844   7.628923 -13.993490  -7.628923  77.786863   7.628923  25.084161  -7.628923  46.618311   7.628923 
 -7.628923  32.594715   7.628923 -13.288105  -7.628923 -38.144613   7.628923  24.734354  -7.628923  46.502796   7.628923 
 -7.627227  32.913326   7.627227 -12.574667  -7.627227 -38.136134   7.627227  24.392135  -7.627227  46.381386   7.627227 
 -7.623835  33.221755   7.623835 -11.853516  -7.623835 -38.119173   7.623835  24.058120  -7.623835  46.254063   7.623835 
 -7.618745  33.520080   7.618745 -11.125007  -7.618745 -38.093724   7.618745  23.732937  -7.618745  46.120807   7.618745 
 -7.611955  33.808382   7.611955 -10.389517  -7.611955 -38.059776   7.611955  23.417226  -7.611955  45.981599   7.611955 
 -7.603463  34.086737   7.603463  -9.647439  -7.603463 -38.017315   7.603463  23.111637  -7.603463  45.836420   7.603463 
 -7.593265  34.355226   7.593265  -8.899184  -7.593265 -37.966327   7.593265  22.816834  -7.593265  45.685251   7.593265 
 -7.581358  34.613926   7.581358  -8.145177  -7.581358 -37.906789   7.581358  22.533491  -7.581358  45.528072   7.581358 
 -7.567736  34.862915   7.567736  -7.385863  -7.567736 -37.838681   7.567736  22.262293  -7.567736  45.364867   7.567736 
 -7.552395  35.102267   7.552395  -6.621700  -7.552395 -37.761974   7.552395  22.003939  -7.552395  45.195618   7.552395 
 -7.535328  35.332058   7.535328  -5.853158  -7.535328 -37.676641   7.535328  21.759137  -7.535328  45.020309   7.535328 
 -7.516529  35.552362   7.516529  -5.080721  -7.516529 -37.582647   7.516529  21.528608  -7.516529  44.838923   7.516529 
 -7.495991  35.763250   7.495991  -4.304885  -7.495991 -37.479957   7.495991  21.313085  -7.495991  44.651447   7.495991 
 -7.473707  35.964792   7.473707  -3.526156  -7.473707 -37.368533   7.473707  21.113314  -7.473707  44.457868   7.473707 
 -7.449666  36.157055   7.449666  -2.745047  -7.449666 -37.248332   7.449666  20.930052  -7.449666  44.258176   7.449666 
 -7.423862  36.340106   7.423862  -1.962080  -7.423862 -37.119310   7.423862  20.764071  -7.423862  44.052361   7.423862 
 -7.396284  36.514008   7.396284  -1.177782  -7.396284 -36.981418   7.396284  20.616157  -7.396284  43.840416   7.396284 
 -7.366921  36.678822   7.366921  -0.392683  -7.366921 -36.834607   7.366921  20.487110  -7.366921  43.622337   7.366921 
 -7.335764  36.834607   7.335764   0.392683  -7.335764 -36.678822   7.335764  20.377747  -7.335764  43.398122   7.335764 
 -7.302802  36.981418   7.302802   1.177782  -7.302802 -36.514008   7.302802  20.288899  -7.302802  43.167772   7.302802 
 -7.268021  37.119310   7.268021   1.962080  -7.268021 -36.340106   7.268021  20.221417  -7.268021  42.931292   7.268021 
 -7.231411  37.248332   7.231411   2.745047  -7.231411 -36.157055   7.231411  20.176169  -7.231411  42.688688   7.231411 
 -7.192958  37.368533   7.192958   3.526156  -7.192958 -35.964792   7.192958  20.154043  -7.192958  42.439973   7.192958 
 -7.152650  37.479957   7.152650   4.304885  -7.152650 -35.763250   7.152650  20.155950  -7.152650  42.185163   7.152650 
 -7.110472  37.582647   7.110472   5.080721  -7.110472 -35.552362   7.110472  20.182820  -7.110472  41.924276   7.110472 
 -7.066412  37.676641   7.066412   5.853158  -7.066412 -35.332058   7.066412  20.235611  -7.066412  41.657339   7.066412 
 -7.020453  37.761974   7.020453   6.621700  -7.020453 -35.102267   7.020453  20.315304  -7.020453  41.384382   7.020453 
 -6.972583  37.838681   6.972583   7.385863  -6.972583 -34.862915   6.972583  20.422909  -6.972583  41.105439   6.972583 
 -6.922785  37.906789   6.922785   8.145177  -6.922785 -34.613926   6.922785  20.559464  -6.922785  40.820552   6.922785 
 -6.871045  37.966327   6.871045   8.899184  -6.871045 -34.355226   6.871045  20.726038  -6.871045  40.529769   6.871045 
 -6.817347  38.017315   6.817347   9.647439  -6.817347 -34.086737   6.817347  20.923735  -6.817347  40.233143   6.817347 
 -6.761676  38.059776   6.761676  10.389517  -6.761676 -33.808382   6.761676  21.153689  -6.761676  39.930737   6.761676 
 -6.704016  38.093724   6.704016  11.125007  -6.704016 -33.520080   6.704016  21.417076  -6.704016  39.622618   6.704016 
 -6.644351  38.119173   6.644351  11.853516  -6.644351 -33.221755   6.644351  21.715107  -6.644351  39.308864   6.644351 
 -6.582665  38.136134   6.582665  12.574667  -6.582665 -32.913326   6.582665  22.049035  -6.582665  38.989558   6.582665 
 -6.518943  38.144613   6.518943  13.288105  -6.518943 -32.594715   6.518943  22.420154  -6.518943  38.664793   6.518943 
 -6.453169  38.144613   6.453169  13.993490  -6.453169 -32.265844   6.453169  22.829802  -6.453169  38.334673   6.453169 
 -6.385327  38.136134   6.385327  14.690505  -6.385327 -31.926635   6.385327  23.279363  -6.385327  37.999309   6.385327 
 -6.315403  38.119173   6.315403  15.378848  -6.315403 -31.577013   6.315403  23.770268  -6.315403  37.658823   6.315403 
 -6.243381  38.093724   6.243381  16.058239  -6.243381 -31.216904   6.243381  24.303994  -6.243381  37.313347   6.243381 
 -6.169247  38.059776   6.169247  16.728416  -6.169247 -30.846235   6.169247  24.882071  -6.169247  36.963024   6.169247 
 -6.092987  38.017315   6.092987  17.389138  -6.092987 -30.464936   6.092987  25.506075  -6.092987  36.608007   6.092987 
 -6.014588  37.966327   6.014588  18.040180  -6.014588 -30.072940   6.014588  26.177633  -6.014588  36.248463   6.014588 
 -5.934037  37.906789   5.934037  18.681338  -5.934037 -29.670185   5.934037  26.898422  -5.934037  35.884569   5.934037 
 -5.851322  37.838681   5.851322  19.312425  -5.851322 -29.256611   5.851322  27.670169  -5.851322  35.516514   5.851322 
 -5.766432  37.761974   5.766432  19.933273  -5.766432 -28.832162   5.766432  28.494650  -5.766432  35.144501   5.766432 
 -5.679358  37.676641   5.679358  20.543730  -5.679358 -28.396789   5.679358  29.373686  -5.679358  34.768746   5.679358 
 -5.590089  37.582647   5.590089  21.143662  -5.590089 -27.950447   5.590089  30.309147  -5.590089  34.389478   5.590089 
 -5.498620  37.479957   5.498620  21.732950  -5.498620 -27.493098   5.498620  31.302946  -5.498620  34.006940   5.498620 
 -5.404942  37.368533   5.404942  22.311491  -5.404942 -27.024711   5.404942  32.357038  -5.404942  33.621388   5.404942 
 -5.309052  37.248332   5.309052  22.879199  -5.309052 -26.545261   5.309052  33.473420  -5.309052  33.233093   5.309052 
 -5.210947  37.119310   5.210947  23.435998  -5.210947 -26.054733   5.210947  34.654129  -5.210947  32.842341   5.210947 
 -5.110624  36.981418   5.110624  23.981831  -5.110624 -25.553118   5.110624  35.901243  -5.110624  32.449432   5.110624 
 -5.008084  36.834607   5.008084  24.516650  -5.008084 -25.040420   5.008084  37.216884  -5.008084  32.054681   5.008084 
 -4.903330  36.678822   4.903330  25.040420  -4.903330 -24.516650   4.903330  38.603226  -4.903330  31.658418   4.903330 
 -4.796366  36.514008   4.796366  25.553118  -4.796366 -23.981831   4.796366  40.062506  -4.796366  31.260988   4.796366 
 -4.687200  36.340106   4.687200  26.054733  -4.687200 -23.435998   4.687200  41.597044  -4.687200  30.862753   4.687200 
 -4.575840  36.157055   4.575840  26.545261  -4.575840 -22.879199   4.575840  43.209278  -4.575840  30.464089   4.575840 
 -4.462298  35.964792   4.462298  27.024711  -4.462298 -22.311491   4.462298  44.901812  -4.462298  30.065385   4.462298 
 -4.346590  35.763250   4.346590  27.493098  -4.346590 -21.732950   4.346590  46.677490  -4.346590  29.667050   4.346590 
 -4.228732  35.552362   4.228732  27.950447  -4.228732 -21.143662   4.228732  48.539509  -4.228732  29.269504   4.228732 
 -4.108746  35.332058   4.108746  28.396789  -4.108746 -20.543730   4.108746  50.491580  -4.108746  28.873185   4.108746 
 -3.986655  35.102267   3.986655  28.832162  -3.986655 -19.933273   3.986655  52.538171  -3.986655  28.478546   3.986655 
 -3.862485  34.862915   3.862485  29.256611  -3.862485 -19.312425   3.862485  54.684875  -3.862485  28.086052   3.862485 
 -3.736268  34.613926   3.736268  29.670185  -3.736268 -18.681338   3.736268  56.938968  -3.736268  27.696186   3.736268 
 -3.608036  34.355226   3.608036  30.072940  -3.608036 -18.040180   3.608036  59.310290  -3.608036  27.309444   3.608036 
 -3.477828  34.086737   3.477828  30.464936  -3.477828 -17.389138   3.477828  61.812711  -3.477828  26.926336   3.477828 
 -3.345683  33.808382   3.345683  30.846235  -3.345683 -16.728416   3.345683  64.466681  -3.345683  26.547388   3.345683 
 -3.211648  33.520080   3.211648  31.216904  -3.211648 -16.058239   3.211648  67.304076  -3.211648  26.173138   3.211648 
 -3.075770  33.221755   3.075770  31.577013  -3.075770 -15.378848   3.075770  70.378526  -3.075770  25.804138   3.075770 
 -2.938101  32.913326   2.938101  31.926635  -2.938101 -14.690505   2.938101  73.791756  -2.938101  25.440952   2.938101 
 -2.798698  32.594715   2.798698  32.265844  -2.798698 -13.993490   2.798698  77.786863  -2.798698  25.084161   2.798698 
 -2.657621  32.265844   2.657621  32.594715  -2.657621 -13.288105   2.657621 -38.144613  -2.657621  24.734354   2.657621 
 -2.514933  31.926635   2.514933  32.913326  -2.514933 -12.574667   2.514933 -38.136134  -2.514933  24.392135   2.514933 
 -2.370703  31.577013   2.370703  33.221755  -2.370703 -11.853516   2.370703 -38.119173  -2.370703  24.058120   2.370703 
 -2.225001  31.216904   2.225001  33.520080  -2.225001 -11.125007   2.225001 -38.093724  -2.225001  23.732937   2.225001 
 -2.077903  30.846235   2.077903  33.808382  -2.077903 -10.389517   2.077903 -38.059776  -2.077903  23.417226   2.077903 
 -1.929488  30.464936   1.929488  34.086737  -1.929488  -9.647439   1.929488 -38.017315  -1.929488  23.111637   1.929488 
 -1.779837  30.072940   1.779837  34.355226  -1.779837  -8.899184   1.779837 -37.966327  -1.779837  22.816834   1.779837 
 -1.629035  29.670185   1.629035  34.613926  -1.629035  -8.145177   1.629035 -37.906789  -1.629035  22.533491   1.629035 
 -1.477173  29.256611   1.477173  34.862915  -1.477173  -7.385863   1.477173 -37.838681  -1.477173  22.262293   1.477173 
 -1.324340  28.832162   1.324340  35.102267  -1.324340  -6.621700   1.324340 -37.761974  -1.324340  22.003939   1.324340 
 -1.170632  28.396789   1.170632  35.332058  -1.170632  -5.853158   1.170632 -37.676641  -1.170632  21.759137   1.170632 
 -1.016144  27.950447   1.016144  35.552362  -1.016144  -5.080721   1.016144 -37.582647  -1.016144  21.528608   1.016144 
 -0.860977  27.493098   0.860977  35.763250  -0.860977  -4.304885   0.860977 -37.479957  -0.860977  21.313085   0.860977 
 -0.705231  27.024711   0.705231  35.964792  -0.705231  -3.526156   0.705231 -37.368533  -0.705231  21.113314   0.705231 
 -0.549009  26.545261   0.549009  36.157055  -0.549009  -2.745047   0.549009 -37.248332  -0.549009  20.930052   0.549009 
 -0.392416  26.054733   0.392416  36.340106  -0.392416  -1.962080   0.392416 -37.119310  -0.392416  20.764071   0.392416 
 -0.235556  25.553118   0.235556  36.514008  -0.235556  -1.177782   0.235556 -36.981418  -0.235556  20.616157   0.235556 
 -0.078537  25.040420   0.078537  36.678822  -0.078537  -0.392683   0.078537 -36.834607  -0.078537  20.487110   0.078537 
  0.078537  24.516650  -0.078537  36.834607   0.078537   0.392683  -0.078537 -36.678822   0.078537  20.377747  -0.078537 
  0.235556  23.981831  -0.235556  36.981418   0.235556   1.177782  -0.235556 -36.514008   0.235556  20.288899  -0.235556 
  0.392416  23.435998  -0.392416  37.119310   0.392416   1.962080  -0.392416 -36.340106   0.392416  20.221417  -0.392416 
  0.549009  22.879199  -0.549009  37.248332   0.549009   2.745047  -0.549009 -36.157055   0.549009  20.176169  -0.549009 
  0.705231  22.311491  -0.705231  37.368533   0.705231   3.526156  -0.705231 -35.964792   0.705231  20.154043  -0.705231 
  0.860977  21.732950  -0.860977  37.479957   0.860977   4.304885  -0.860977 -35.763250   0.860977  20.155950  -0.860977 
  1.016144  21.143662  -1.016144  37.582647   1.016144   5.080721  -1.016144 -35.552362   1.016144  20.182820  -1.016144 
  1.170632  20.543730  -1.170632  37.676641   1.170632   5.853158  -1.170632 -35.332058   1.170632  20.235611  -1.170632 
  1.324340  19.933273  -1.324340  37.761974   1.324340   6.621700  -1.324340 -35.102267   1.324340  20.315304  -1.324340 
  1.477173  19.312425  -1.477173  37.838681   1.477173   7.385863  -1.477173 -34.862915   1.477173  20.422909  -1.477173 
  1.629035  18.681338  -1.629035  37.906789   1.629035   8.145177  -1.629035 -34.613926   1.629035  20.559464  -1.629035 
  1.779837  18.040180  -1.779837  37.966327   1.779837   8.899184  -1.779837 -34.355226   1.779837  20.726038  -1.779837 
  1.929488  17.389138  -1.929488  38.017315   1.929488   9.647439  -1.929488 -34.086737   1.929488  20.923735  -1.929488 
  2.077903  16.728416  -2.077903  38.059776   2.077903  10.389517  -2.077903 -33.808382   2.077903  21.153689  -2.077903 
  2.225001  16.058239  -2.225001  38.093724   2.225001  11.125007  -2.225001 -33.520080   2.225001  21.417076  -2.225001 
  2.370703  15.378848  -2.370703  38.119173   2.370703  11.853516  -2.370703 -33.221755   2.370703  21.715107  -2.370703 
  2.514933  14.690505  -2.514933  38.136134   2.514933  12.574667  -2.514933 -32.913326   2.514933  22.049035  -2.514933 
  2.657621  13.993490  -2.657621  38.144613   2.657621  13.288105  -2.657621 -32.594715   2.657621  22.420154  -2.657621 
  2.798698  13.288105  -2.798698  38.144613   2.798698  13.993490  -2.798698 -32.265844   2.798698  22.829802  -2.798698 
  2.938101  12.574667  -2.938101  38.136134   2.938101  14.690505  -2.938101 -31.926635   2.938101  23.279363  -2.938101 
  3.075770  11.853516  -3.075770  38.119173   3.075770  15.378848  -3.075770 -31.577013   3.075770  23.770268  -3.075770 
  3.211648  11.125007  -3.211648  38.093724   3.211648  16.058239  -3.211648 -31.216904   3.211648  24.303994  -3.211648 
  3.345683  10.389517  -3.345683  38.059776   3.345683  16.728416  -3.345683 -30.846235   3.345683  24.882071  -3.345683 
  3.477828   9.647439  -3.477828  38.017315   3.477828  17.389138  -3.477828 -30.464936   3.477828  25.506075  -3.477828 
  3.608036   8.899184  -3.608036  37.966327   3.608036  18.040180  -3.608036 -30.072940   3.608036  26.177633  -3.608036 
  3.736268   8.145177  -3.736268  37.906789   3.736268  18.681338  -3.736268 -29.670185   3.736268  26.898422  -3.736268 
  3.862485   7.385863  -3.862485  37.838681   3.862485  19.312425  -3.862485 -29.256611   3.862485  27.670169  -3.862485 
  3.986655   6.621700  -3.986655  37.761974   3.986655  19.933273  -3.986655 -28.832162   3.986655  28.494650  -3.986655 
  4.108746   5.853158  -4.108746  37.676641   4.108746  20.543730  -4.108746 -28.396789   4.108746  29.373686  -4.108746 
  4.228732   5.080721  -4.228732  37.582647   4.228732  21.143662  -4.228732 -27.950447   4.228732  30.309147  -4.228732 
  4.346590   4.304885  -4.346590  37.479957   4.346590  21.732950  -4.346590 -27.493098   4.346590  31.302946  -4.346590 
  4.462298   3.526156  -4.462298  37.368533   4.462298  22.311491  -4.462298 -27.024711   4.462298  32.357038  -4.462298 
  4.575840   2.745047  -4.575840  37.248332   4.575840  22.879199  -4.575840 -26.545261   4.575840  33.473420  -4.575840 
  4.687200   1.962080  -4.687200  37.119310   4.687200  23.435998  -4.687200 -26.054733   4.687200  34.654129  -4.687200 
  4.796366   1.177782  -4.796366  36.981418   4.796366  23.981831  -4.796366 -25.553118   4.796366  35.901243  -4.796366 
  4.903330   0.392683  -4.903330  36.834607   4.903330  24.516650  -4.903330 -25.040420   4.903330  37.216884  -4.903330 
  5.008084  -0.392683  -5.008084  36.678822   5.008084  25.040420  -5.008084 -24.516650   5.008084  38.603226  -5.008084 
  5.110624  -1.177782  -5.110624  36.514008   5.110624  25.553118  -5.110624 -23.981831   5.110624  40.062506  -5.110624 
  5.210947  -1.962080  -5.210947  36.340106   5.210947  26.054733  -5.210947 -23.435998   5.210947  41.597044  -5.210947 
  5.309052  -2.745047  -5.309052  36.157055   5.309052  26.545261  -5.309052 -22.879199   5.309052  43.209278  -5.309052 
  5.404942  -3.526156  -5.404942  35.964792   5.404942  27.024711  -5.404942 -22.311491   5.404942  44.901812  -5.404942 
  5.498620  -4.304885  -5.498620  35.763250   5.498620  27.493098  -5.498620 -21.732950   5.498620  46.677490  -5.498620 
  5.590089  -5.080721  -5.590089  35.552362   5.590089  27.950447  -5.590089 -21.143662   5.590089  48.539509  -5.590089 
  5.679358  -5.853158  -5.679358  35.332058   5.679358  28.396789  -5.679358 -20.543730   5.679358  50.491580  -5.679358 
  5.766432  -6.621700  -5.766432  35.102267   5.766432  28.832162  -5.766432 -19.933273   5.766432  52.538171  -5.766432 
  5.851322  -7.385863  -5.851322  34.862915   5.851322  29.256611  -5.851322 -19.312425   5.851322  54.684875  -5.851322 
  5.934037  -8.145177  -5.934037  34.613926   5.934037  29.670185  -5.934037 -18.681338   5.934037  56.938968  -5.934037 
  6.014588  -8.899184  -6.014588  34.355226   6.014588  30.072940  -6.014588 -18.040180   6.014588  59.310290  -6.014588 
  6.092987  -9.647439  -6.092987  34.086737   6.092987  30.464936  -6.092987 -17.389138   6.092987  61.812711  -6.092987 
  6.169247 -10.389517  -6.169247  33.808382   6.169247  30.846235  -6.169247 -16.728416   6.169247  64.466681  -6.169247 
  6.243381 -11.125007  -6.243381  33.520080   6.243381  31.216904  -6.243381 -16.058239   6.243381  67.304076  -6.243381 
  6.315403 -11.853516  -6.315403  33.221755   6.315403  31.577013  -6.315403 -15.378848   6.315403  70.378526  -6.315403 
  6.385327 -12.574667  -6.385327  32.913326   6.385327  31.926635  -6.385327 -14.690505   6.385327  73.791756  -6.385327 
  6.453169 -13.288105  -6.453169  32.594715   6.453169  32.265844  -6.453169 -13.993490   6.453169  77.786863  -6.453169 
