536 464 486 619 536 620 486 467 536 384 486 
536 462 486 617 536 621 486 469 536 384 486 
536 460 486 616 536 622 486 471 536 384 486 
536 457 486 615 536 623 486 474 536 384 486 
536 455 486 614 536 624 486 476 536 384 486 
536 453 486 613 536 625 486 479 536 384 486 
536 451 486 611 536 626 486 481 536 384 486 
536 449 486 610 536 626 486 484 536 385 486 
536 447 486 609 536 627 486 486 536 385 486 
536 445 486 607 536 628 486 489 536 385 486 
536 443 486 606 536 629 486 491 536 385 486 
535 441 487 604 535 630 487 494 535 386 487 
535 439 487 603 535 630 487 497 535 386 487 
535 437 487 601 535 631 487 499 535 386 487 
535 435 487 599 535 632 487 502 535 387 487 
535 433 487 598 535 632 487 504 535 387 487 
535 431 487 596 535 633 487 507 535 388 487 
535 429 487 594 535 633 487 510 535 388 487 
534 428 488 593 534 634 488 512 534 389 488 
534 426 488 591 534 634 488 515 534 389 488 
534 424 488 589 534 635 488 518 534 390 488 
534 423 488 587 534 635 488 520 534 390 488 
534 421 488 585 534 636 488 523 534 391 488 
534 419 488 583 534 636 488 525 534 392 488 
533 418 489 581 533 636 489 528 533 392 489 
533 416 489 579 533 637 489 531 533 393 489 
533 415 489 577 533 637 489 533 533 394 489 
533 413 489 575 533 637 489 536 533 395 489 
533 412 489 573 533 637 489 538 533 396 489 
532 411 490 571 532 638 490 541 532 396 490 
532 409 490 569 532 638 490 543 532 397 490 
532 408 490 567 532 638 490 546 532 398 490 
532 407 490 565 532 638 490 548 532 399 490 
531 406 491 562 531 638 491 551 531 400 491 
531 405 491 560 531 638 491 553 531 401 491 
531 403 491 558 531 638 491 555 531 402 491 
531 384 491 555 531 638 491 558 531 403 491 
530 384 492 553 530 638 492 560 530 405 492 
530 384 492 551 530 638 492 562 530 406 492 
530 385 492 548 530 638 492 565 530 407 492 
529 385 493 546 529 638 493 567 529 408 493 
529 386 493 543 529 638 493 569 529 409 493 
529 386 493 541 529 638 493 571 529 411 493 
528 387 494 538 528 637 494 573 528 412 494 
528 387 494 536 528 637 494 575 528 413 494 
528 388 494 533 528 637 494 577 528 415 494 
527 388 495 531 527 637 495 579 527 416 495 
527 389 495 528 527 636 495 581 527 418 495 
527 389 495 525 527 636 495 583 527 419 495 
526 390 496 523 526 636 496 585 526 421 496 
526 391 496 520 526 635 496 587 526 423 496 
525 391 497 518 525 635 497 589 525 424 497 
525 392 497 515 525 634 497 591 525 426 497 
525 393 497 512 525 634 497 593 525 428 497 
524 394 498 510 524 633 498 594 524 429 498 
524 394 498 507 524 633 498 596 524 431 498 
523 395 499 504 523 632 499 598 523 433 499 
523 396 499 502 523 632 499 599 523 435 499 
523 397 499 499 523 631 499 601 523 437 499 
522 398 500 497 522 630 500 603 522 439 500 
522 399 500 494 522 630 500 604 522 441 500 
521 400 501 491 521 629 501 606 521 443 501 
521 401 501 489 521 628 501 607 521 445 501 
520 402 502 486 520 627 502 609 520 447 502 
520 403 502 484 520 626 502 610 520 449 502 
519 404 503 481 519 626 503 611 519 451 503 
519 406 503 479 519 625 503 613 519 453 503 
518 407 504 476 518 624 504 614 518 455 504 
518 408 504 474 518 623 504 615 518 457 504 
517 409 505 471 517 622 505 616 517 460 505 
517 411 505 469 517 621 505 617 517 462 505 
516 412 506 467 516 620 506 619 516 464 506 
516 413 506 464 516 619 506 620 516 467 506 
515 415 507 462 515 617 507 621 515 469 507 
515 416 507 460 515 616 507 622 515 471 507 
514 418 508 457 514 615 508 623 514 474 508 
514 419 508 455 514 614 508 624 514 476 508 
513 421 509 453 513 613 509 625 513 479 509 
513 423 509 451 513 611 509 626 513 481 509 
512 424 510 449 512 610 510 626 512 484 510 
512 426 510 447 512 609 510 627 512 486 510 
511 428 511 445 511 607 511 628 511 489 511 
510 429 512 443 510 606 512 629 510 491 512 
510 431 512 441 510 604 512 630 510 494 512 
509 433 513 439 509 603 513 630 509 497 513 
509 435 513 437 509 601 513 631 509 499 513 
508 437 514 435 508 599 514 632 508 502 514 
508 439 514 433 508 598 514 632 508 504 514 
507 441 515 431 507 596 515 633 507 507 515 
507 443 515 429 507 594 515 633 507 510 515 
506 445 516 428 506 593 516 634 506 512 516 
506 447 516 426 506 591 516 634 506 515 516 
505 449 517 424 505 589 517 635 505 518 517 
505 451 517 423 505 587 517 635 505 520 517 
504 453 518 421 504 585 518 636 504 523 518 
503 455 519 419 503 583 519 636 503 525 519 
503 458 519 418 503 581 519 636 503 528 519 
502 460 520 416 502 579 520 637 502 531 520 
502 462 520 415 502 577 520 637 502 533 520 
501 465 521 413 501 575 521 637 501 536 521 
501 467 521 412 501 573 521 637 501 538 521 
500 469 522 411 500 571 522 638 500 541 522 
500 472 522 409 500 569 522 638 500 543 522 
499 474 523 408 499 567 523 638 499 546 523 
499 477 523 407 499 565 523 638 499 548 523 
498 479 524 406 498 562 524 638 498 551 524 
498 482 524 405 498 560 524 638 498 553 524 
498 484 524 403 498 558 524 638 498 555 524 
497 487 525 384 497 555 525 638 497 558 525 
497 490 525 384 497 553 525 638 497 560 525 
496 492 526 384 496 551 526 638 496 562 526 
496 495 526 385 496 548 526 638 496 565 526 
495 497 527 385 495 546 527 638 495 567 527 
495 500 527 386 495 543 527 638 495 569 527 
494 503 528 386 494 541 528 638 494 571 528 
494 505 528 387 494 538 528 637 494 573 528 
494 508 528 387 494 536 528 637 494 575 528 
493 511 529 388 493 533 529 637 493 577 529 
493 514 529 388 493 531 529 637 493 579 529 
492 516 530 389 492 528 530 636 492 581 530 
492 519 530 389 492 525 530 636 492 583 530 
492 522 530 390 492 523 530 636 492 585 530 
491 524 531 391 491 520 531 635 491 587 531 
491 527 531 391 491 518 531 635 491 589 531 
490 530 532 392 490 515 532 634 490 591 532 
490 533 532 393 490 512 532 634 490 593 532 
490 535 532 394 490 510 532 633 490 594 532 
489 538 533 394 489 507 533 633 489 596 533 
489 541 533 395 489 504 533 632 489 598 533 
489 543 533 396 489 502 533 632 489 599 533 
488 546 534 397 488 499 534 631 488 601 534 
488 549 534 398 488 497 534 630 488 603 534 
488 551 534 399 488 494 534 630 488 604 534 
488 554 534 400 488 491 534 629 488 606 534 
487 556 535 401 487 489 535 628 487 607 535 
487 559 535 402 487 486 535 627 487 609 535 
487 561 535 403 487 484 535 626 487 610 535 
486 564 536 404 486 481 536 626 486 611 536 
486 566 536 406 486 479 536 625 486 613 536 
486 569 536 407 486 476 536 624 486 614 536 
486 571 536 408 486 474 536 623 486 615 536 
485 574 537 409 485 471 537 622 485 616 537 
485 576 537 411 485 469 537 621 485 617 537 
485 578 537 412 485 467 537 620 485 619 537 
485 581 537 413 485 464 537 619 485 620 537 
484 583 538 415 484 462 538 617 484 621 538 
484 585 538 416 484 460 538 616 484 622 538 
484 588 538 418 484 457 538 615 484 623 538 
484 590 538 419 484 455 538 614 484 624 538 
484 592 538 421 484 453 538 613 484 625 538 
483 594 539 423 483 451 539 611 483 626 539 
483 596 539 424 483 449 539 610 483 626 539 
483 598 539 426 483 447 539 609 483 627 539 
483 600 539 428 483 445 539 607 483 628 539 
483 602 539 429 483 443 539 606 483 629 539 
482 604 540 431 482 441 540 604 482 630 540 
482 606 540 433 482 439 540 603 482 630 540 
482 608 540 435 482 437 540 601 482 631 540 
482 610 540 437 482 435 540 599 482 632 540 
482 612 540 439 482 433 540 598 482 632 540 
482 614 540 441 482 431 540 596 482 633 540 
482 615 540 443 482 429 540 594 482 633 540 
481 617 541 445 481 428 541 593 481 634 541 
481 619 541 447 481 426 541 591 481 634 541 
481 620 541 449 481 424 541 589 481 635 541 
481 622 541 451 481 423 541 587 481 635 541 
481 624 541 453 481 421 541 585 481 636 541 
481 625 541 455 481 419 541 583 481 636 541 
481 627 541 458 481 418 541 581 481 636 541 
481 628 541 460 481 416 541 579 481 637 541 
480 630 542 462 480 415 542 577 480 637 542 
480 631 542 465 480 413 542 575 480 637 542 
480 633 542 467 480 412 542 573 480 637 542 
480 634 542 469 480 411 542 571 480 638 542 
480 635 542 472 480 409 542 569 480 638 542 
480 637 542 474 480 408 542 567 480 638 542 
480 638 542 477 480 407 542 565 480 638 542 
480 639 542 479 480 406 542 562 480 638 542 
480 640 542 482 480 405 542 560 480 638 542 
480 641 542 484 480 403 542 558 480 638 542 
480 643 542 487 480 384 542 555 480 638 542 
480 644 542 490 480 384 542 553 480 638 542 
480 645 542 492 480 384 542 551 480 638 542 
479 646 543 495 479 385 543 548 479 638 543 
479 647 543 497 479 385 543 546 479 638 543 
479 648 543 500 479 386 543 543 479 638 543 
479 649 543 503 479 386 543 541 479 638 543 
479 650 543 505 479 387 543 538 479 637 543 
479 651 543 508 479 387 543 536 479 637 543 
479 652 543 511 479 388 543 533 479 637 543 
479 653 543 514 479 388 543 531 479 637 543 
479 654 543 516 479 389 543 528 479 636 543 
479 654 543 519 479 389 543 525 479 636 543 
479 655 543 522 479 390 543 523 479 636 543 
479 656 543 524 479 391 543 520 479 635 543 
479 657 543 527 479 391 543 518 479 635 543 
479 658 543 530 479 392 543 515 479 634 543 
479 658 543 533 479 393 543 512 479 634 543 
479 659 543 535 479 394 543 510 479 633 543 
479 660 543 538 479 394 543 507 479 633 543 
479 660 543 541 479 395 543 504 479 632 543 
479 661 543 543 479 396 543 502 479 632 543 
479 662 543 546 479 397 543 499 479 631 543 
479 662 543 549 479 398 543 497 479 630 543 
479 663 543 551 479 399 543 494 479 630 543 
479 663 543 554 479 400 543 491 479 629 543 
479 664 543 556 479 401 543 489 479 628 543 
479 664 543 559 479 402 543 486 479 627 543 
479 665 543 561 479 403 543 484 479 626 543 
480 665 542 564 480 404 542 481 480 626 542 
480 666 542 566 480 406 542 479 480 625 542 
480 666 542 569 480 407 542 476 480 624 542 
480 666 542 571 480 408 542 474 480 623 542 
480 667 542 574 480 409 542 471 480 622 542 
480 667 542 576 480 411 542 469 480 621 542 
480 667 542 578 480 412 542 467 480 620 542 
480 668 542 581 480 413 542 464 480 619 542 
480 668 542 583 480 415 542 462 480 617 542 
480 668 542 585 480 416 542 460 480 616 542 
480 669 542 588 480 418 542 457 480 615 542 
480 669 542 590 480 419 542 455 480 614 542 
480 669 542 592 480 421 542 453 480 613 542 
481 669 541 594 481 423 541 451 481 611 541 
481 669 541 596 481 424 541 449 481 610 541 
481 670 541 598 481 426 541 447 481 609 541 
481 670 541 600 481 428 541 445 481 607 541 
481 670 541 602 481 429 541 443 481 606 541 
481 670 541 604 481 431 541 441 481 604 541 
481 670 541 606 481 433 541 439 481 603 541 
481 670 541 608 481 435 541 437 481 601 541 
481 670 541 610 481 437 541 435 481 599 541 
482 670 540 612 482 439 540 433 482 598 540 
482 670 540 614 482 441 540 431 482 596 540 
482 670 540 615 482 443 540 429 482 594 540 
482 670 540 617 482 445 540 428 482 593 540 
482 670 540 619 482 447 540 426 482 591 540 
482 670 540 620 482 449 540 424 482 589 540 
483 670 539 622 483 451 539 423 483 587 539 
483 670 539 624 483 453 539 421 483 585 539 
483 670 539 625 483 455 539 419 483 583 539 
483 669 539 627 483 458 539 418 483 581 539 
483 669 539 628 483 460 539 416 483 579 539 
483 669 539 630 483 462 539 415 483 577 539 
484 669 538 631 484 465 538 413 484 575 538 
484 669 538 633 484 467 538 412 484 573 538 
484 668 538 634 484 469 538 411 484 571 538 
484 668 538 635 484 472 538 409 484 569 538 
484 668 538 637 484 474 538 408 484 567 538 
485 667 537 638 485 477 537 407 485 565 537 
485 667 537 639 485 479 537 406 485 562 537 
485 667 537 640 485 482 537 405 485 560 537 
485 666 537 641 485 484 537 403 485 558 537 
485 666 537 643 485 487 537 384 485 555 537 
486 666 536 644 486 490 536 384 486 553 536 
486 665 536 645 486 492 536 384 486 551 536 
486 665 536 646 486 495 536 385 486 548 536 
486 664 536 647 486 497 536 385 486 546 536 
487 664 535 648 487 500 535 386 487 543 535 
487 663 535 649 487 503 535 386 487 541 535 
487 663 535 650 487 505 535 387 487 538 535 
487 662 535 651 487 508 535 387 487 536 535 
488 662 534 652 488 511 534 388 488 533 534 
488 661 534 653 488 514 534 388 488 531 534 
488 660 534 654 488 516 534 389 488 528 534 
488 660 534 654 488 519 534 389 488 525 534 
489 659 533 655 489 522 533 390 489 523 533 
489 659 533 656 489 524 533 391 489 520 533 
489 658 533 657 489 527 533 391 489 518 533 
489 657 533 658 489 530 533 392 489 515 533 
490 656 532 658 490 533 532 393 490 512 532 
490 656 532 659 490 535 532 394 490 510 532 
490 655 532 660 490 538 532 394 490 507 532 
490 654 532 660 490 541 532 395 490 504 532 
491 653 531 661 491 543 531 396 491 502 531 
491 652 531 662 491 546 531 397 491 499 531 
491 652 531 662 491 549 531 398 491 497 531 
491 651 531 663 491 551 531 399 491 494 531 
492 650 530 663 492 554 530 400 492 491 530 
492 649 530 664 492 556 530 401 492 489 530 
492 648 530 664 492 559 530 402 492 486 530 
493 647 529 665 493 561 529 403 493 484 529 
493 646 529 665 493 564 529 404 493 481 529 
493 645 529 666 493 566 529 406 493 479 529 
493 644 529 666 493 569 529 407 493 476 529 
494 643 528 666 494 571 528 408 494 474 528 
494 642 528 667 494 574 528 409 494 471 528 
494 641 528 667 494 576 528 411 494 469 528 
494 640 528 667 494 578 528 412 494 467 528 
495 639 527 668 495 581 527 413 495 464 527 
495 638 527 668 495 583 527 415 495 462 527 
495 637 527 668 495 585 527 416 495 460 527 
495 635 527 669 495 588 527 418 495 457 527 
495 634 527 669 495 590 527 419 495 455 527 
496 633 526 669 496 592 526 421 496 453 526 
496 632 526 669 496 594 526 423 496 451 526 
496 631 526 669 496 596 526 424 496 449 526 
496 629 526 670 496 598 526 426 496 447 526 
496 628 526 670 496 600 526 428 496 445 526 
496 627 526 670 496 602 526 429 496 443 526 
497 626 525 670 497 604 525 431 497 441 525 
497 624 525 670 497 606 525 433 497 439 525 
497 623 525 670 497 608 525 435 497 437 525 
497 622 525 670 497 610 525 437 497 435 525 
497 620 525 670 497 612 525 439 497 433 525 
497 619 525 670 497 614 525 441 497 431 525 
497 618 525 670 497 615 525 443 497 429 525 
497 617 525 670 497 617 525 445 497 428 525 
497 615 525 670 497 619 525 447 497 426 525 
498 614 524 670 498 620 524 449 498 424 524 
498 613 524 670 498 622 524 451 498 423 524 
498 611 524 670 498 624 524 453 498 421 524 
498 610 524 670 498 625 524 455 498 419 524 
498 609 524 669 498 627 524 458 498 418 524 
498 607 524 669 498 628 524 460 498 416 524 
497 606 525 669 497 630 525 462 497 415 525 
497 605 525 669 497 631 525 465 497 413 525 
497 603 525 669 497 633 525 467 497 412 525 
497 602 525 668 497 634 525 469 497 411 525 
497 601 525 668 497 635 525 472 497 409 525 
497 599 525 668 497 637 525 474 497 408 525 
497 598 525 667 497 638 525 477 497 407 525 
497 597 525 667 497 639 525 479 497 406 525 
496 596 526 667 496 640 526 482 496 405 526 
496 595 526 666 496 641 526 484 496 403 526 
496 593 526 666 496 643 526 487 496 384 526 
495 592 527 666 495 644 527 490 495 384 527 
495 591 527 665 495 645 527 492 495 384 527 
495 590 527 665 495 646 527 495 495 385 527 
494 589 528 664 494 647 528 497 494 385 528 
494 588 528 664 494 648 528 500 494 386 528 
494 587 528 663 494 649 528 503 494 386 528 
493 586 529 663 493 650 529 505 493 387 529 
493 585 529 662 493 651 529 508 493 387 529 
492 584 530 662 492 652 530 511 492 388 530 
491 584 531 661 491 653 531 514 491 388 531 
491 583 531 660 491 654 531 516 491 389 531 
490 582 532 660 490 654 532 519 490 389 532 
489 581 533 659 489 655 533 522 489 390 533 
489 581 533 659 489 656 533 524 489 391 533 
488 580 534 658 488 657 534 527 488 391 534 
487 580 535 657 487 658 535 530 487 392 535 
486 579 536 656 486 658 536 533 486 393 536 
485 579 537 656 485 659 537 535 485 394 537 
484 579 538 655 484 660 538 538 484 394 538 
483 578 539 654 483 660 539 541 483 395 539 
482 578 540 653 482 661 540 543 482 396 540 
481 578 541 652 481 662 541 546 481 397 541 
480 578 542 652 480 662 542 549 480 398 542 
479 578 543 651 479 663 543 551 479 399 543 
477 578 545 650 477 663 545 554 477 400 545 
476 579 546 649 476 664 546 556 476 401 546 
475 579 547 648 475 664 547 559 475 402 547 
473 580 549 647 473 665 549 561 473 403 549 
471 580 551 646 471 665 551 564 471 404 551 
470 581 552 645 470 666 552 566 470 406 552 
468 582 554 644 468 666 554 569 468 407 554 
466 582 556 643 466 666 556 571 466 408 556 
464 583 558 642 464 667 558 574 464 409 558 
462 584 560 641 462 667 560 576 462 411 560 
459 586 563 640 459 667 563 578 459 412 563 
536 587 486 639 536 668 486 581 536 413 486 
536 589 486 638 536 668 486 583 536 415 486 
536 590 486 637 536 668 486 585 536 416 486 
536 592 486 635 536 669 486 588 536 418 486 
536 594 486 634 536 669 486 590 536 419 486 
536 596 486 633 536 669 486 592 536 421 486 
536 598 486 632 536 669 486 594 536 423 486 
536 601 486 631 536 669 486 596 536 424 486 
536 603 486 629 536 670 486 598 536 426 486 
536 606 486 628 536 670 486 600 536 428 486 
536 609 486 627 536 670 486 602 536 429 486 
536 612 486 626 536 670 486 604 536 431 486 
536 615 486 624 536 670 486 606 536 433 486 
536 619 486 623 536 670 486 608 536 435 486 
536 623 486 622 536 670 486 610 536 437 486 
536 627 486 620 536 670 486 612 536 439 486 
536 631 486 619 536 670 486 614 536 441 486 
536 635 486 618 536 670 486 615 536 443 486 
535 640 487 617 535 670 487 617 535 445 487 
535 645 487 615 535 670 487 619 535 447 487 
535 650 487 614 535 670 487 620 535 449 487 
535 655 487 613 535 670 487 622 535 451 487 
535 661 487 611 535 670 487 624 535 453 487 
535 667 487 610 535 670 487 625 535 455 487 
535 673 487 609 535 669 487 627 535 458 487 
535 679 487 607 535 669 487 628 535 460 487 
534 686 488 606 534 669 488 630 534 462 488 
534 693 488 605 534 669 488 631 534 465 488 
534 701 488 603 534 669 488 633 534 467 488 
534 709 488 602 534 668 488 634 534 469 488 
534 717 488 601 534 668 488 635 534 472 488 
534 726 488 599 534 668 488 637 534 474 488 
533 735 489 598 533 667 489 638 533 477 489 
533 746 489 597 533 667 489 639 533 479 489 
533 757 489 596 533 667 489 640 533 482 489 
533 770 489 595 533 666 489 641 533 484 489 
533 384 489 593 533 666 489 643 533 487 489 
532 384 490 592 532 666 490 644 532 490 490 
532 384 490 591 532 665 490 645 532 492 490 
532 384 490 590 532 665 490 646 532 495 490 
532 384 490 589 532 664 490 647 532 497 490 
531 384 491 588 531 664 491 648 531 500 491 
531 384 491 587 531 663 491 649 531 503 491 
531 385 491 586 531 663 491 650 531 505 491 
531 385 491 585 531 662 491 651 531 508 491 
530 385 492 584 530 662 492 652 530 511 492 
530 385 492 584 530 661 492 653 530 514 492 
530 386 492 583 530 660 492 654 530 516 492 
529 386 493 582 529 660 493 654 529 519 493 
529 386 493 581 529 659 493 655 529 522 493 
529 387 493 581 529 659 493 656 529 524 493 
528 387 494 580 528 658 494 657 528 527 494 
528 388 494 580 528 657 494 658 528 530 494 
528 388 494 579 528 656 494 658 528 533 494 
527 389 495 579 527 656 495 659 527 535 495 
527 389 495 579 527 655 495 660 527 538 495 
527 390 495 578 527 654 495 660 527 541 495 
526 390 496 578 526 653 496 661 526 543 496 
526 391 496 578 526 652 496 662 526 546 496 
525 392 497 578 525 652 497 662 525 549 497 
525 392 497 578 525 651 497 663 525 551 497 
525 393 497 578 525 650 497 663 525 554 497 
524 394 498 579 524 649 498 664 524 556 498 
524 395 498 579 524 648 498 664 524 559 498 
523 396 499 580 523 647 499 665 523 561 499 
523 396 499 580 523 646 499 665 523 564 499 
523 397 499 581 523 645 499 666 523 566 499 
522 398 500 582 522 644 500 666 522 569 500 
522 399 500 582 522 643 500 666 522 571 500 
521 400 501 583 521 642 501 667 521 574 501 
521 401 501 584 521 641 501 667 521 576 501 
520 402 502 586 520 640 502 667 520 578 502 
520 403 502 587 520 639 502 668 520 581 502 
519 405 503 589 519 638 503 668 519 583 503 
519 406 503 590 519 637 503 668 519 585 503 
518 407 504 592 518 635 504 669 518 588 504 
518 408 504 594 518 634 504 669 518 590 504 
517 409 505 596 517 633 505 669 517 592 505 
517 411 505 598 517 632 505 669 517 594 505 
516 412 506 601 516 631 506 669 516 596 506 
516 413 506 603 516 629 506 670 516 598 506 
515 415 507 606 515 628 507 670 515 600 507 
515 416 507 609 515 627 507 670 515 602 507 
514 418 508 612 514 626 508 670 514 604 508 
514 419 508 615 514 624 508 670 514 606 508 
513 421 509 619 513 623 509 670 513 608 509 
513 423 509 623 513 622 509 670 513 610 509 
512 424 510 627 512 620 510 670 512 612 510 
512 426 510 631 512 619 510 670 512 614 510 
511 428 511 635 511 618 511 670 511 615 511 
511 429 511 640 511 617 511 670 511 617 511 
510 431 512 645 510 615 512 670 510 619 512 
510 433 512 650 510 614 512 670 510 620 512 
509 435 513 655 509 613 513 670 509 622 513 
509 437 513 661 509 611 513 670 509 624 513 
508 439 514 667 508 610 514 670 508 625 514 
508 441 514 673 508 609 514 669 508 627 514 
507 443 515 679 507 607 515 669 507 628 515 
507 445 515 686 507 606 515 669 507 630 515 
506 447 516 693 506 605 516 669 506 631 516 
506 449 516 701 506 603 516 669 506 633 516 
505 451 517 709 505 602 517 668 505 634 517 
505 453 517 717 505 601 517 668 505 635 517 
504 455 518 726 504 599 518 668 504 637 518 
504 457 518 735 504 598 518 667 504 638 518 
503 460 519 746 503 597 519 667 503 639 519 
503 462 519 757 503 596 519 667 503 640 519 
502 464 520 770 502 595 520 666 502 641 520 
502 467 520 384 502 593 520 666 502 643 520 
501 469 521 384 501 592 521 666 501 644 521 
501 471 521 384 501 591 521 665 501 645 521 
500 474 522 384 500 590 522 665 500 646 522 
500 476 522 384 500 589 522 664 500 647 522 
499 479 523 384 499 588 523 664 499 648 523 
499 481 523 384 499 587 523 663 499 649 523 
499 484 523 385 499 586 523 663 499 650 523 
498 486 524 385 498 585 524 662 498 651 524 
498 489 524 385 498 584 524 662 498 652 524 
497 491 525 385 497 584 525 661 497 653 525 
497 494 525 386 497 583 525 660 497 654 525 
497 497 525 386 497 582 525 660 497 654 525 
496 499 526 386 496 581 526 659 496 655 526 
496 502 526 387 496 581 526 659 496 656 526 
495 504 527 387 495 580 527 658 495 657 527 
495 507 527 388 495 580 527 657 495 658 527 
495 510 527 388 495 579 527 656 495 658 527 
494 512 528 389 494 579 528 656 494 659 528 
494 515 528 389 494 579 528 655 494 660 528 
494 518 528 390 494 578 528 654 494 660 528 
493 520 529 390 493 578 529 653 493 661 529 
493 523 529 391 493 578 529 652 493 662 529 
493 525 529 392 493 578 529 652 493 662 529 
492 528 530 392 492 578 530 651 492 663 530 
492 531 530 393 492 578 530 650 492 663 530 
492 533 530 394 492 579 530 649 492 664 530 
491 536 531 395 491 579 531 648 491 664 531 
491 538 531 396 491 580 531 647 491 665 531 
491 541 531 396 491 580 531 646 491 665 531 
491 543 531 397 491 581 531 645 491 666 531 
490 546 532 398 490 582 532 644 490 666 532 
490 548 532 399 490 582 532 643 490 666 532 
490 551 532 400 490 583 532 642 490 667 532 
490 553 532 401 490 584 532 641 490 667 532 
489 555 533 402 489 586 533 640 489 667 533 
489 558 533 403 489 587 533 639 489 668 533 
489 560 533 405 489 589 533 638 489 668 533 
489 562 533 406 489 590 533 637 489 668 533 
489 565 533 407 489 592 533 635 489 669 533 
488 567 534 408 488 594 534 634 488 669 534 
488 569 534 409 488 596 534 633 488 669 534 
488 571 534 411 488 598 534 632 488 669 534 
488 573 534 412 488 601 534 631 488 669 534 
488 575 534 413 488 603 534 629 488 670 534 
488 577 534 415 488 606 534 628 488 670 534 
487 579 535 416 487 609 535 627 487 670 535 
487 581 535 418 487 612 535 626 487 670 535 
487 583 535 419 487 615 535 624 487 670 535 
487 585 535 421 487 619 535 623 487 670 535 
487 587 535 423 487 623 535 622 487 670 535 
487 589 535 424 487 627 535 620 487 670 535 
487 591 535 426 487 631 535 619 487 670 535 
487 593 535 428 487 635 535 618 487 670 535 
486 594 536 429 486 640 536 617 486 670 536 
486 596 536 431 486 645 536 615 486 670 536 
486 598 536 433 486 650 536 614 486 670 536 
486 599 536 435 486 655 536 613 486 670 536 
486 601 536 437 486 661 536 611 486 670 536 
486 603 536 439 486 667 536 610 486 670 536 
486 604 536 441 486 673 536 609 486 669 536 
486 606 536 443 486 679 536 607 486 669 536 
486 607 536 445 486 686 536 606 486 669 536 
486 609 536 447 486 693 536 605 486 669 536 
486 610 536 449 486 701 536 603 486 669 536 
486 611 536 451 486 709 536 602 486 668 536 
486 613 536 453 486 717 536 601 486 668 536 
486 614 536 455 486 726 536 599 486 668 536 
486 615 536 457 486 735 536 598 486 667 536 
486 616 536 460 486 746 536 597 486 667 536 
486 617 536 462 486 757 536 596 486 667 536 
486 619 536 464 486 770 536 595 486 666 536 
486 620 536 467 486 384 536 593 486 666 536 
486 621 536 469 486 384 536 592 486 666 536 
486 622 536 471 486 384 536 591 486 665 536 
486 623 536 474 486 384 536 590 486 665 536 
486 624 536 476 486 384 536 589 486 664 536 
486 625 536 479 486 384 536 588 486 664 536 
486 626 536 481 486 384 536 587 486 663 536 
486 626 536 484 486 385 536 586 486 663 536 
486 627 536 486 486 385 536 585 486 662 536 
486 628 536 489 486 385 536 584 486 662 536 
486 629 536 491 486 385 536 584 486 661 536 
486 630 536 494 486 386 536 583 486 660 536 
486 630 536 497 486 386 536 582 486 660 536 
486 631 536 499 486 386 536 581 486 659 536 
486 632 536 502 486 387 536 581 486 659 536 
486 632 536 504 486 387 536 580 486 658 536 
486 633 536 507 486 388 536 580 486 657 536 
486 633 536 510 486 388 536 579 486 656 536 
487 634 535 512 487 389 535 579 487 656 535 
487 634 535 515 487 389 535 579 487 655 535 
487 635 535 518 487 390 535 578 487 654 535 
487 635 535 520 487 390 535 578 487 653 535 
487 636 535 523 487 391 535 578 487 652 535 
487 636 535 525 487 392 535 578 487 652 535 
487 636 535 528 487 392 535 578 487 651 535 
487 637 535 531 487 393 535 578 487 650 535 
488 637 534 533 488 394 534 579 488 649 534 
488 637 534 536 488 395 534 579 488 648 534 
488 637 534 538 488 396 534 580 488 647 534 
488 638 534 541 488 396 534 580 488 646 534 
488 638 534 543 488 397 534 581 488 645 534 
488 638 534 546 488 398 534 582 488 644 534 
489 638 533 548 489 399 533 582 489 643 533 
489 638 533 551 489 400 533 583 489 642 533 
489 638 533 553 489 401 533 584 489 641 533 
489 638 533 555 489 402 533 586 489 640 533 
489 638 533 558 489 403 533 587 489 639 533 
490 638 532 560 490 405 532 589 490 638 532 
490 638 532 562 490 406 532 590 490 637 532 
490 638 532 565 490 407 532 592 490 635 532 
490 638 532 567 490 408 532 594 490 634 532 
491 638 531 569 491 409 531 596 491 633 531 
491 638 531 571 491 411 531 598 491 632 531 
491 637 531 573 491 412 531 601 491 631 531 
491 637 531 575 491 413 531 603 491 629 531 
492 637 530 577 492 415 530 606 492 628 530 
492 637 530 579 492 416 530 609 492 627 530 
492 636 530 581 492 418 530 612 492 626 530 
493 636 529 583 493 419 529 615 493 624 529 
493 636 529 585 493 421 529 619 493 623 529 
493 635 529 587 493 423 529 623 493 622 529 
494 635 528 589 494 424 528 627 494 620 528 
494 634 528 591 494 426 528 631 494 619 528 
494 634 528 593 494 428 528 635 494 618 528 
495 633 527 594 495 429 527 640 495 617 527 
495 633 527 596 495 431 527 645 495 615 527 
495 632 527 598 495 433 527 650 495 614 527 
496 632 526 599 496 435 526 655 496 613 526 
496 631 526 601 496 437 526 661 496 611 526 
497 630 525 603 497 439 525 667 497 610 525 
497 630 525 604 497 441 525 673 497 609 525 
497 629 525 606 497 443 525 679 497 607 525 
498 628 524 607 498 445 524 686 498 606 524 
498 627 524 609 498 447 524 693 498 605 524 
499 626 523 610 499 449 523 701 499 603 523 
499 626 523 611 499 451 523 709 499 602 523 
499 625 523 613 499 453 523 717 499 601 523 
500 624 522 614 500 455 522 726 500 599 522 
500 623 522 615 500 457 522 735 500 598 522 
501 622 521 616 501 460 521 746 501 597 521 
501 621 521 617 501 462 521 757 501 596 521 
502 620 520 619 502 464 520 770 502 595 520 
502 619 520 620 502 467 520 384 502 593 520 
503 617 519 621 503 469 519 384 503 592 519 
503 616 519 622 503 471 519 384 503 591 519 
504 615 518 623 504 474 518 384 504 590 518 
504 614 518 624 504 476 518 384 504 589 518 
505 613 517 625 505 479 517 384 505 588 517 
505 611 517 626 505 481 517 384 505 587 517 
506 610 516 626 506 484 516 385 506 586 516 
506 609 516 627 506 486 516 385 506 585 516 
507 607 515 628 507 489 515 385 507 584 515 
507 606 515 629 507 491 515 385 507 584 515 
508 604 514 630 508 494 514 386 508 583 514 
508 603 514 630 508 497 514 386 508 582 514 
509 601 513 631 509 499 513 386 509 581 513 
509 599 513 632 509 502 513 387 509 581 513 
510 598 512 632 510 504 512 387 510 580 512 
510 596 512 633 510 507 512 388 510 580 512 
511 594 511 633 511 510 511 388 511 579 511 
511 593 511 634 511 512 511 389 511 579 511 
512 591 510 634 512 515 510 389 512 579 510 
512 589 510 635 512 518 510 390 512 578 510 
513 587 509 635 513 520 509 390 513 578 509 
513 585 509 636 513 523 509 391 513 578 509 
514 583 508 636 514 525 508 392 514 578 508 
514 581 508 636 514 528 508 392 514 578 508 
515 579 507 637 515 531 507 393 515 578 507 
515 577 507 637 515 533 507 394 515 579 507 
516 575 506 637 516 536 506 395 516 579 506 
516 573 506 637 516 538 506 396 516 580 506 
517 571 505 638 517 541 505 396 517 580 505 
517 569 505 638 517 543 505 397 517 581 505 
518 567 504 638 518 546 504 398 518 582 504 
518 565 504 638 518 548 504 399 518 582 504 
519 562 503 638 519 551 503 400 519 583 503 
519 560 503 638 519 553 503 401 519 584 503 
520 558 502 638 520 555 502 402 520 586 502 
520 555 502 638 520 558 502 403 520 587 502 
521 553 501 638 521 560 501 405 521 589 501 
521 551 501 638 521 562 501 406 521 590 501 
522 548 500 638 522 565 500 407 522 592 500 
522 546 500 638 522 567 500 408 522 594 500 
523 543 499 638 523 569 499 409 523 596 499 
523 541 499 638 523 571 499 411 523 598 499 
523 538 499 637 523 573 499 412 523 601 499 
524 536 498 637 524 575 498 413 524 603 498 
524 533 498 637 524 577 498 415 524 606 498 
525 531 497 637 525 579 497 416 525 609 497 
525 528 497 636 525 581 497 418 525 612 497 
525 525 497 636 525 583 497 419 525 615 497 
526 523 496 636 526 585 496 421 526 619 496 
526 520 496 635 526 587 496 423 526 623 496 
527 518 495 635 527 589 495 424 527 627 495 
527 515 495 634 527 591 495 426 527 631 495 
527 512 495 634 527 593 495 428 527 635 495 
528 510 494 633 528 594 494 429 528 640 494 
528 507 494 633 528 596 494 431 528 645 494 
528 504 494 632 528 598 494 433 528 650 494 
529 502 493 632 529 599 493 435 529 655 493 
529 499 493 631 529 601 493 437 529 661 493 
529 497 493 630 529 603 493 439 529 667 493 
530 494 492 630 530 604 492 441 530 673 492 
530 491 492 629 530 606 492 443 530 679 492 
530 489 492 628 530 607 492 445 530 686 492 
531 486 491 627 531 609 491 447 531 693 491 
531 484 491 626 531 610 491 449 531 701 491 
531 481 491 626 531 611 491 451 531 709 491 
531 479 491 625 531 613 491 453 531 717 491 
532 476 490 624 532 614 490 455 532 726 490 
532 474 490 623 532 615 490 457 532 735 490 
532 471 490 622 532 616 490 460 532 746 490 
532 469 490 621 532 617 490 462 532 757 490 
533 467 489 620 533 619 489 464 533 770 489 
