1.00 -0.79 0.00 0.00 1.00 -0.79 0.00 0.00 1.00 -0.79 0.00 0.00 1.00 -0.79 0.00 0.00 1.00 -0.79 0.00 0.00 
2.00 -1.57 0.00 0.00 2.00 -1.57 0.00 0.00 2.00 -1.57 0.00 0.00 2.00 -1.57 0.00 0.00 2.00 -1.57 0.00 0.00 
3.01 -2.35 0.00 0.00 3.01 -2.35 0.00 0.00 3.01 -2.35 0.00 0.00 3.01 -2.35 0.00 0.00 3.01 -2.35 0.00 0.00 
4.01 -3.12 0.00 0.00 4.01 -3.12 0.00 0.00 4.01 -3.12 0.00 0.00 4.01 -3.12 0.00 0.00 4.01 -3.12 0.00 0.00 
5.02 -3.89 0.00 0.00 5.02 -3.89 0.00 0.00 5.02 -3.89 0.00 0.00 5.02 -3.89 0.00 0.00 5.02 -3.89 0.00 0.00 
6.03 -4.66 0.00 0.00 6.03 -4.66 0.00 0.00 6.03 -4.66 0.00 0.00 6.03 -4.66 0.00 0.00 6.03 -4.66 0.00 0.00 
7.05 -5.43 0.00 0.00 7.05 -5.43 0.00 0.00 7.05 -5.43 0.00 0.00 7.05 -5.43 0.00 0.00 7.05 -5.43 0.00 0.00 
8.06 -6.18 0.00 0.00 8.06 -6.18 0.00 0.00 8.06 -6.18 0.00 0.00 8.06 -6.18 0.00 0.00 8.06 -6.18 0.00 0.00 
9.08 -6.94 0.00 0.00 9.08 -6.94 0.00 0.00 9.08 -6.94 0.00 0.00 9.08 -6.94 0.00 0.00 9.08 -6.94 0.00 0.00 
10.10 -7.69 0.00 0.00 10.10 -7.69 0.00 0.00 10.10 -7.69 0.00 0.00 10.10 -7.69 0.00 0.00 10.10 -7.69 0.00 0.00 
11.12 -8.43 0.00 0.00 11.12 -8.43 0.00 0.00 11.12 -8.43 0.00 0.00 11.12 -8.43 0.00 0.00 11.12 -8.43 0.00 0.00 
12.14 -9.17 0.00 0.00 12.14 -9.17 0.00 0.00 12.14 -9.17 0.00 0.00 12.14 -9.17 0.00 0.00 12.14 -9.17 0.00 0.00 
13.17 -9.90 0.00 0.00 13.17 -9.90 0.00 0.00 13.17 -9.90 0.00 0.00 13.17 -9.90 0.00 0.00 13.17 -9.90 0.00 0.00 
14.19 -10.63 0.00 0.00 14.19 -10.63 0.00 0.00 14.19 -10.63 0.00 0.00 14.19 -10.63 0.00 0.00 14.19 -10.63 0.00 0.00 
15.22 -11.35 0.00 0.00 15.22 -11.35 0.00 0.00 15.22 -11.35 0.00 0.00 15.22 -11.35 0.00 0.00 15.22 -11.35 0.00 0.00 
16.25 -12.07 0.00 0.00 16.25 -12.07 0.00 0.00 16.25 -12.07 0.00 0.00 16.25 -12.07 0.00 0.00 16.25 -12.07 0.00 0.00 
17.29 -12.78 0.00 0.00 17.29 -12.78 0.00 0.00 17.29 -12.78 0.00 0.00 17.29 -12.78 0.00 0.00 17.29 -12.78 0.00 0.00 
18.32 -13.48 0.00 0.00 18.32 -13.48 0.00 0.00 18.32 -13.48 0.00 0.00 18.32 -13.48 0.00 0.00 18.32 -13.48 0.00 0.00 
19.36 -14.17 0.00 0.00 19.36 -14.17 0.00 0.00 19.36 -14.17 0.00 0.00 19.36 -14.17 0.00 0.00 19.36 -14.17 0.00 0.00 
20.40 -14.86 0.00 0.00 20.40 -14.86 0.00 0.00 20.40 -14.86 0.00 0.00 20.40 -14.86 0.00 0.00 20.40 -14.86 0.00 0.00 
21.44 -15.54 0.00 0.00 21.44 -15.54 0.00 0.00 21.44 -15.54 0.00 0.00 21.44 -15.54 0.00 0.00 21.44 -15.54 0.00 0.00 
22.48 -16.21 0.00 0.00 22.48 -16.21 0.00 0.00 22.48 -16.21 0.00 0.00 22.48 -16.21 0.00 0.00 22.48 -16.21 0.00 0.00 
23.53 -16.87 0.00 0.00 23.53 -16.87 0.00 0.00 23.53 -16.87 0.00 0.00 23.53 -16.87 0.00 0.00 23.53 -16.87 0.00 0.00 
24.57 -17.53 0.00 0.00 24.57 -17.53 0.00 0.00 24.57 -17.53 0.00 0.00 24.57 -17.53 0.00 0.00 24.57 -17.53 0.00 0.00 
25.62 -18.17 0.00 0.00 25.62 -18.17 0.00 0.00 25.62 -18.17 0.00 0.00 25.62 -18.17 0.00 0.00 25.62 -18.17 0.00 0.00 
26.67 -18.81 0.00 0.00 26.67 -18.81 0.00 0.00 26.67 -18.81 0.00 0.00 26.67 -18.81 0.00 0.00 26.67 -18.81 0.00 0.00 
27.72 -19.44 0.00 0.00 27.72 -19.44 0.00 0.00 27.72 -19.44 0.00 0.00 27.72 -19.44 0.00 0.00 27.72 -19.44 0.00 0.00 
28.77 -20.06 0.00 0.00 28.77 -20.06 0.00 0.00 28.77 -20.06 0.00 0.00 28.77 -20.06 0.00 0.00 28.77 -20.06 0.00 0.00 
29.83 -20.67 0.00 0.00 29.83 -20.67 0.00 0.00 29.83 -20.67 0.00 0.00 29.83 -20.67 0.00 0.00 29.83 -20.67 0.00 0.00 
30.88 -21.27 0.00 0.00 30.88 -21.27 0.00 0.00 30.88 -21.27 0.00 0.00 30.88 -21.27 0.00 0.00 30.88 -21.27 0.00 0.00 
31.94 -21.86 0.00 0.00 31.94 -21.86 0.00 0.00 31.94 -21.86 0.00 0.00 31.94 -21.86 0.00 0.00 31.94 -21.86 0.00 0.00 
33.00 -22.45 0.00 0.00 33.00 -22.45 0.00 0.00 33.00 -22.45 0.00 0.00 33.00 -22.45 0.00 0.00 33.00 -22.45 0.00 0.00 
34.06 -23.02 0.00 0.00 34.06 -23.02 0.00 0.00 34.06 -23.02 0.00 0.00 34.06 -23.02 0.00 0.00 34.06 -23.02 0.00 0.00 
35.12 -23.58 0.00 0.00 35.12 -23.58 0.00 0.00 35.12 -23.58 0.00 0.00 35.12 -23.58 0.00 0.00 35.12 -23.58 0.00 0.00 
36.18 -24.13 0.00 0.00 36.18 -24.13 0.00 0.00 36.18 -24.13 0.00 0.00 36.18 -24.13 0.00 0.00 36.18 -24.13 0.00 0.00 
37.24 -24.67 0.00 0.00 37.24 -24.67 0.00 0.00 37.24 -24.67 0.00 0.00 37.24 -24.67 0.00 0.00 37.24 -24.67 0.00 0.00 
38.31 -25.20 0.00 0.00 38.31 -25.20 0.00 0.00 38.31 -25.20 0.00 0.00 38.31 -25.20 0.00 0.00 38.31 -25.20 0.00 0.00 
39.38 -25.71 0.00 0.00 39.38 -25.71 0.00 0.00 39.38 -25.71 0.00 0.00 39.38 -25.71 0.00 0.00 39.38 -25.71 0.00 0.00 
40.44 -26.22 0.00 0.00 40.44 -26.22 0.00 0.00 40.44 -26.22 0.00 0.00 40.44 -26.22 0.00 0.00 40.44 -26.22 0.00 0.00 
41.51 -26.71 0.00 0.00 41.51 -26.71 0.00 0.00 41.51 -26.71 0.00 0.00 41.51 -26.71 0.00 0.00 41.51 -26.71 0.00 0.00 
42.58 -27.20 0.00 0.00 42.58 -27.20 0.00 0.00 42.58 -27.20 0.00 0.00 42.58 -27.20 0.00 0.00 42.58 -27.20 0.00 0.00 
43.65 -27.67 0.00 0.00 43.65 -27.67 0.00 0.00 43.65 -27.67 0.00 0.00 43.65 -27.67 0.00 0.00 43.65 -27.67 0.00 0.00 
44.72 -28.12 0.00 0.00 44.72 -28.12 0.00 0.00 44.72 -28.12 0.00 0.00 44.72 -28.12 0.00 0.00 44.72 -28.12 0.00 0.00 
45.79 -28.57 0.00 0.00 45.79 -28.57 0.00 0.00 45.79 -28.57 0.00 0.00 45.79 -28.57 0.00 0.00 45.79 -28.57 0.00 0.00 
46.86 -29.00 0.00 0.00 46.86 -29.00 0.00 0.00 46.86 -29.00 0.00 0.00 46.86 -29.00 0.00 0.00 46.86 -29.00 0.00 0.00 
47.94 -29.43 0.00 0.00 47.94 -29.43 0.00 0.00 47.94 -29.43 0.00 0.00 47.94 -29.43 0.00 0.00 47.94 -29.43 0.00 0.00 
49.01 -29.83 0.00 0.00 49.01 -29.83 0.00 0.00 49.01 -29.83 0.00 0.00 49.01 -29.83 0.00 0.00 49.01 -29.83 0.00 0.00 
50.08 -30.23 0.00 0.00 50.08 -30.23 0.00 0.00 50.08 -30.23 0.00 0.00 50.08 -30.23 0.00 0.00 50.08 -30.23 0.00 0.00 
51.16 -30.61 0.00 0.00 51.16 -30.61 0.00 0.00 51.16 -30.61 0.00 0.00 51.16 -30.61 0.00 0.00 51.16 -30.61 0.00 0.00 
52.24 -30.98 0.00 0.00 52.24 -30.98 0.00 0.00 52.24 -30.98 0.00 0.00 52.24 -30.98 0.00 0.00 52.24 -30.98 0.00 0.00 
53.31 -31.34 0.00 0.00 53.31 -31.34 0.00 0.00 53.31 -31.34 0.00 0.00 53.31 -31.34 0.00 0.00 53.31 -31.34 0.00 0.00 
54.39 -31.68 0.00 0.00 54.39 -31.68 0.00 0.00 54.39 -31.68 0.00 0.00 54.39 -31.68 0.00 0.00 54.39 -31.68 0.00 0.00 
55.46 -32.01 0.00 0.00 55.46 -32.01 0.00 0.00 55.46 -32.01 0.00 0.00 55.46 -32.01 0.00 0.00 55.46 -32.01 0.00 0.00 
56.54 -32.32 0.00 0.00 56.54 -32.32 0.00 0.00 56.54 -32.32 0.00 0.00 56.54 -32.32 0.00 0.00 56.54 -32.32 0.00 0.00 
57.62 -32.62 0.00 0.00 57.62 -32.62 0.00 0.00 57.62 -32.62 0.00 0.00 57.62 -32.62 0.00 0.00 57.62 -32.62 0.00 0.00 
58.69 -32.91 0.00 0.00 58.69 -32.91 0.00 0.00 58.69 -32.91 0.00 0.00 58.69 -32.91 0.00 0.00 58.69 -32.91 0.00 0.00 
59.77 -33.18 0.00 0.00 59.77 -33.18 0.00 0.00 59.77 -33.18 0.00 0.00 59.77 -33.18 0.00 0.00 59.77 -33.18 0.00 0.00 
60.85 -33.44 0.00 0.00 60.85 -33.44 0.00 0.00 60.85 -33.44 0.00 0.00 60.85 -33.44 0.00 0.00 60.85 -33.44 0.00 0.00 
61.92 -33.68 0.00 0.00 61.92 -33.68 0.00 0.00 61.92 -33.68 0.00 0.00 61.92 -33.68 0.00 0.00 61.92 -33.68 0.00 0.00 
63.00 -33.91 0.00 0.00 63.00 -33.91 0.00 0.00 63.00 -33.91 0.00 0.00 63.00 -33.91 0.00 0.00 63.00 -33.91 0.00 0.00 
64.08 -34.12 0.00 0.00 64.08 -34.12 0.00 0.00 64.08 -34.12 0.00 0.00 64.08 -34.12 0.00 0.00 64.08 -34.12 0.00 0.00 
65.15 -34.32 0.00 0.00 65.15 -34.32 0.00 0.00 65.15 -34.32 0.00 0.00 65.15 -34.32 0.00 0.00 65.15 -34.32 0.00 0.00 
66.23 -34.50 0.00 0.00 66.23 -34.50 0.00 0.00 66.23 -34.50 0.00 0.00 66.23 -34.50 0.00 0.00 66.23 -34.50 0.00 0.00 
67.31 -34.67 0.00 0.00 67.31 -34.67 0.00 0.00 67.31 -34.67 0.00 0.00 67.31 -34.67 0.00 0.00 67.31 -34.67 0.00 0.00 
68.38 -34.82 0.00 0.00 68.38 -34.82 0.00 0.00 68.38 -34.82 0.00 0.00 68.38 -34.82 0.00 0.00 68.38 -34.82 0.00 0.00 
69.45 -34.96 0.00 0.00 69.45 -34.96 0.00 0.00 69.45 -34.96 0.00 0.00 69.45 -34.96 0.00 0.00 69.45 -34.96 0.00 0.00 
70.53 -35.08 0.00 0.00 70.53 -35.08 0.00 0.00 70.53 -35.08 0.00 0.00 70.53 -35.08 0.00 0.00 70.53 -35.08 0.00 0.00 
71.60 -35.19 0.00 0.00 71.60 -35.19 0.00 0.00 71.60 -35.19 0.00 0.00 71.60 -35.19 0.00 0.00 71.60 -35.19 0.00 0.00 
72.67 -35.28 0.00 0.00 72.67 -35.28 0.00 0.00 72.67 -35.28 0.00 0.00 72.67 -35.28 0.00 0.00 72.67 -35.28 0.00 0.00 
73.75 -35.35 0.00 0.00 73.75 -35.35 0.00 0.00 73.75 -35.35 0.00 0.00 73.75 -35.35 0.00 0.00 73.75 -35.35 0.00 0.00 
74.82 -35.41 0.00 0.00 74.82 -35.41 0.00 0.00 74.82 -35.41 0.00 0.00 74.82 -35.41 0.00 0.00 74.82 -35.41 0.00 0.00 
75.89 -35.45 0.00 0.00 75.89 -35.45 0.00 0.00 75.89 -35.45 0.00 0.00 75.89 -35.45 0.00 0.00 75.89 -35.45 0.00 0.00 
76.96 -35.48 0.00 0.00 76.96 -35.48 0.00 0.00 76.96 -35.48 0.00 0.00 76.96 -35.48 0.00 0.00 76.96 -35.48 0.00 0.00 
78.02 -35.49 0.00 0.00 78.02 -35.49 0.00 0.00 78.02 -35.49 0.00 0.00 78.02 -35.49 0.00 0.00 78.02 -35.49 0.00 0.00 
79.09 -35.48 0.00 0.00 79.09 -35.48 0.00 0.00 79.09 -35.48 0.00 0.00 79.09 -35.48 0.00 0.00 79.09 -35.48 0.00 0.00 
80.16 -35.46 0.00 0.00 80.16 -35.46 0.00 0.00 80.16 -35.46 0.00 0.00 80.16 -35.46 0.00 0.00 80.16 -35.46 0.00 0.00 
81.22 -35.42 0.00 0.00 81.22 -35.42 0.00 0.00 81.22 -35.42 0.00 0.00 81.22 -35.42 0.00 0.00 81.22 -35.42 0.00 0.00 
82.28 -35.37 0.00 0.00 82.28 -35.37 0.00 0.00 82.28 -35.37 0.00 0.00 82.28 -35.37 0.00 0.00 82.28 -35.37 0.00 0.00 
83.34 -35.30 0.00 0.00 83.34 -35.30 0.00 0.00 83.34 -35.30 0.00 0.00 83.34 -35.30 0.00 0.00 83.34 -35.30 0.00 0.00 
84.40 -35.21 0.00 0.00 84.40 -35.21 0.00 0.00 84.40 -35.21 0.00 0.00 84.40 -35.21 0.00 0.00 84.40 -35.21 0.00 0.00 
85.46 -35.11 0.00 0.00 85.46 -35.11 0.00 0.00 85.46 -35.11 0.00 0.00 85.46 -35.11 0.00 0.00 85.46 -35.11 0.00 0.00 
86.52 -34.99 0.00 0.00 86.52 -34.99 0.00 0.00 86.52 -34.99 0.00 0.00 86.52 -34.99 0.00 0.00 86.52 -34.99 0.00 0.00 
87.57 -34.85 0.00 0.00 87.57 -34.85 0.00 0.00 87.57 -34.85 0.00 0.00 87.57 -34.85 0.00 0.00 87.57 -34.85 0.00 0.00 
88.63 -34.70 0.00 0.00 88.63 -34.70 0.00 0.00 88.63 -34.70 0.00 0.00 88.63 -34.70 0.00 0.00 88.63 -34.70 0.00 0.00 
89.68 -34.53 0.00 0.00 89.68 -34.53 0.00 0.00 89.68 -34.53 0.00 0.00 89.68 -34.53 0.00 0.00 89.68 -34.53 0.00 0.00 
90.73 -34.35 0.00 0.00 90.73 -34.35 0.00 0.00 90.73 -34.35 0.00 0.00 90.73 -34.35 0.00 0.00 90.73 -34.35 0.00 0.00 
91.77 -34.14 0.00 0.00 91.77 -34.14 0.00 0.00 91.77 -34.14 0.00 0.00 91.77 -34.14 0.00 0.00 91.77 -34.14 0.00 0.00 
92.82 -33.93 0.00 0.00 92.82 -33.93 0.00 0.00 92.82 -33.93 0.00 0.00 92.82 -33.93 0.00 0.00 92.82 -33.93 0.00 0.00 
93.86 -33.69 0.00 0.00 93.86 -33.69 0.00 0.00 93.86 -33.69 0.00 0.00 93.86 -33.69 0.00 0.00 93.86 -33.69 0.00 0.00 
94.91 -33.44 0.00 0.00 94.91 -33.44 0.00 0.00 94.91 -33.44 0.00 0.00 94.91 -33.44 0.00 0.00 94.91 -33.44 0.00 0.00 
95.94 -33.17 0.00 0.00 95.94 -33.17 0.00 0.00 95.94 -33.17 0.00 0.00 95.94 -33.17 0.00 0.00 95.94 -33.17 0.00 0.00 
96.98 -32.88 0.00 0.00 96.98 -32.88 0.00 0.00 96.98 -32.88 0.00 0.00 96.98 -32.88 0.00 0.00 96.98 -32.88 0.00 0.00 
98.02 -32.58 0.00 0.00 98.02 -32.58 0.00 0.00 98.02 -32.58 0.00 0.00 98.02 -32.58 0.00 0.00 98.02 -32.58 0.00 0.00 
99.05 -32.26 0.00 0.00 99.05 -32.26 0.00 0.00 99.05 -32.26 0.00 0.00 99.05 -32.26 0.00 0.00 99.05 -32.26 0.00 0.00 
100.08 -31.93 0.00 0.00 100.08 -31.93 0.00 0.00 100.08 -31.93 0.00 0.00 100.08 -31.93 0.00 0.00 100.08 -31.93 0.00 0.00 
101.10 -31.57 0.00 0.00 101.10 -31.57 0.00 0.00 101.10 -31.57 0.00 0.00 101.10 -31.57 0.00 0.00 101.10 -31.57 0.00 0.00 
102.13 -31.21 0.00 0.00 102.13 -31.21 0.00 0.00 102.13 -31.21 0.00 0.00 102.13 -31.21 0.00 0.00 102.13 -31.21 0.00 0.00 
103.15 -30.82 0.00 0.00 103.15 -30.82 0.00 0.00 103.15 -30.82 0.00 0.00 103.15 -30.82 0.00 0.00 103.15 -30.82 0.00 0.00 
104.17 -30.42 0.00 0.00 104.17 -30.42 0.00 0.00 104.17 -30.42 0.00 0.00 104.17 -30.42 0.00 0.00 104.17 -30.42 0.00 0.00 
105.18 -30.00 0.00 0.00 105.18 -30.00 0.00 0.00 105.18 -30.00 0.00 0.00 105.18 -30.00 0.00 0.00 105.18 -30.00 0.00 0.00 
106.20 -29.57 0.00 0.00 106.20 -29.57 0.00 0.00 106.20 -29.57 0.00 0.00 106.20 -29.57 0.00 0.00 106.20 -29.57 0.00 0.00 
107.21 -29.12 0.00 0.00 107.21 -29.12 0.00 0.00 107.21 -29.12 0.00 0.00 107.21 -29.12 0.00 0.00 107.21 -29.12 0.00 0.00 
108.22 -28.65 0.00 0.00 108.22 -28.65 0.00 0.00 108.22 -28.65 0.00 0.00 108.22 -28.65 0.00 0.00 108.22 -28.65 0.00 0.00 
109.22 -28.17 0.00 0.00 109.22 -28.17 0.00 0.00 109.22 -28.17 0.00 0.00 109.22 -28.17 0.00 0.00 109.22 -28.17 0.00 0.00 
110.22 -27.67 0.00 0.00 110.22 -27.67 0.00 0.00 110.22 -27.67 0.00 0.00 110.22 -27.67 0.00 0.00 110.22 -27.67 0.00 0.00 
111.22 -27.15 0.00 0.00 111.22 -27.15 0.00 0.00 111.22 -27.15 0.00 0.00 111.22 -27.15 0.00 0.00 111.22 -27.15 0.00 0.00 
112.21 -26.62 0.00 0.00 112.21 -26.62 0.00 0.00 112.21 -26.62 0.00 0.00 112.21 -26.62 0.00 0.00 112.21 -26.62 0.00 0.00 
113.21 -26.08 0.00 0.00 113.21 -26.08 0.00 0.00 113.21 -26.08 0.00 0.00 113.21 -26.08 0.00 0.00 113.21 -26.08 0.00 0.00 
114.19 -25.51 0.00 0.00 114.19 -25.51 0.00 0.00 114.19 -25.51 0.00 0.00 114.19 -25.51 0.00 0.00 114.19 -25.51 0.00 0.00 
115.18 -24.94 0.00 0.00 115.18 -24.94 0.00 0.00 115.18 -24.94 0.00 0.00 115.18 -24.94 0.00 0.00 115.18 -24.94 0.00 0.00 
116.16 -24.34 0.00 0.00 116.16 -24.34 0.00 0.00 116.16 -24.34 0.00 0.00 116.16 -24.34 0.00 0.00 116.16 -24.34 0.00 0.00 
117.14 -23.73 0.00 0.00 117.14 -23.73 0.00 0.00 117.14 -23.73 0.00 0.00 117.14 -23.73 0.00 0.00 117.14 -23.73 0.00 0.00 
118.11 -23.11 0.00 0.00 118.11 -23.11 0.00 0.00 118.11 -23.11 0.00 0.00 118.11 -23.11 0.00 0.00 118.11 -23.11 0.00 0.00 
119.09 -22.46 0.00 0.00 119.09 -22.46 0.00 0.00 119.09 -22.46 0.00 0.00 119.09 -22.46 0.00 0.00 119.09 -22.46 0.00 0.00 
120.05 -21.81 0.00 0.00 120.05 -21.81 0.00 0.00 120.05 -21.81 0.00 0.00 120.05 -21.81 0.00 0.00 120.05 -21.81 0.00 0.00 
121.02 -21.14 0.00 0.00 121.02 -21.14 0.00 0.00 121.02 -21.14 0.00 0.00 121.02 -21.14 0.00 0.00 121.02 -21.14 0.00 0.00 
121.98 -20.45 0.00 0.00 121.98 -20.45 0.00 0.00 121.98 -20.45 0.00 0.00 121.98 -20.45 0.00 0.00 121.98 -20.45 0.00 0.00 
122.93 -19.75 0.00 0.00 122.93 -19.75 0.00 0.00 122.93 -19.75 0.00 0.00 122.93 -19.75 0.00 0.00 122.93 -19.75 0.00 0.00 
123.89 -19.03 0.00 0.00 123.89 -19.03 0.00 0.00 123.89 -19.03 0.00 0.00 123.89 -19.03 0.00 0.00 123.89 -19.03 0.00 0.00 
124.84 -18.30 0.00 0.00 124.84 -18.30 0.00 0.00 124.84 -18.30 0.00 0.00 124.84 -18.30 0.00 0.00 124.84 -18.30 0.00 0.00 
125.78 -17.56 0.00 0.00 125.78 -17.56 0.00 0.00 125.78 -17.56 0.00 0.00 125.78 -17.56 0.00 0.00 125.78 -17.56 0.00 0.00 
126.72 -16.80 0.00 0.00 126.72 -16.80 0.00 0.00 126.72 -16.80 0.00 0.00 126.72 -16.80 0.00 0.00 126.72 -16.80 0.00 0.00 
127.66 -16.02 0.00 0.00 127.66 -16.02 0.00 0.00 127.66 -16.02 0.00 0.00 127.66 -16.02 0.00 0.00 127.66 -16.02 0.00 0.00 
128.59 -15.23 0.00 0.00 128.59 -15.23 0.00 0.00 128.59 -15.23 0.00 0.00 128.59 -15.23 0.00 0.00 128.59 -15.23 0.00 0.00 
129.52 -14.43 0.00 0.00 129.52 -14.43 0.00 0.00 129.52 -14.43 0.00 0.00 129.52 -14.43 0.00 0.00 129.52 -14.43 0.00 0.00 
130.45 -13.61 0.00 0.00 130.45 -13.61 0.00 0.00 130.45 -13.61 0.00 0.00 130.45 -13.61 0.00 0.00 130.45 -13.61 0.00 0.00 
131.37 -12.78 0.00 0.00 131.37 -12.78 0.00 0.00 131.37 -12.78 0.00 0.00 131.37 -12.78 0.00 0.00 131.37 -12.78 0.00 0.00 
132.28 -11.94 0.00 0.00 132.28 -11.94 0.00 0.00 132.28 -11.94 0.00 0.00 132.28 -11.94 0.00 0.00 132.28 -11.94 0.00 0.00 
133.20 -11.08 0.00 0.00 133.20 -11.08 0.00 0.00 133.20 -11.08 0.00 0.00 133.20 -11.08 0.00 0.00 133.20 -11.08 0.00 0.00 
134.10 -10.21 0.00 0.00 134.10 -10.21 0.00 0.00 134.10 -10.21 0.00 0.00 134.10 -10.21 0.00 0.00 134.10 -10.21 0.00 0.00 
135.01 -9.32 0.00 0.00 135.01 -9.32 0.00 0.00 135.01 -9.32 0.00 0.00 135.01 -9.32 0.00 0.00 135.01 -9.32 0.00 0.00 
135.91 -8.42 0.00 0.00 135.91 -8.42 0.00 0.00 135.91 -8.42 0.00 0.00 135.91 -8.42 0.00 0.00 135.91 -8.42 0.00 0.00 
136.81 -7.51 0.00 0.00 136.81 -7.51 0.00 0.00 136.81 -7.51 0.00 0.00 136.81 -7.51 0.00 0.00 136.81 -7.51 0.00 0.00 
137.70 -6.59 0.00 0.00 137.70 -6.59 0.00 0.00 137.70 -6.59 0.00 0.00 137.70 -6.59 0.00 0.00 137.70 -6.59 0.00 0.00 
138.58 -5.65 0.00 0.00 138.58 -5.65 0.00 0.00 138.58 -5.65 0.00 0.00 138.58 -5.65 0.00 0.00 138.58 -5.65 0.00 0.00 
139.47 -4.71 0.00 0.00 139.47 -4.71 0.00 0.00 139.47 -4.71 0.00 0.00 139.47 -4.71 0.00 0.00 139.47 -4.71 0.00 0.00 
140.35 -3.75 0.00 0.00 140.35 -3.75 0.00 0.00 140.35 -3.75 0.00 0.00 140.35 -3.75 0.00 0.00 140.35 -3.75 0.00 0.00 
141.22 -2.77 0.00 0.00 141.22 -2.77 0.00 0.00 141.22 -2.77 0.00 0.00 141.22 -2.77 0.00 0.00 141.22 -2.77 0.00 0.00 
142.09 -1.79 0.00 0.00 142.09 -1.79 0.00 0.00 142.09 -1.79 0.00 0.00 142.09 -1.79 0.00 0.00 142.09 -1.79 0.00 0.00 
142.95 -0.79 0.00 0.00 142.95 -0.79 0.00 0.00 142.95 -0.79 0.00 0.00 142.95 -0.79 0.00 0.00 142.95 -0.79 0.00 0.00 
143.82 0.22 0.00 0.00 143.82 0.22 0.00 0.00 143.82 0.22 0.00 0.00 143.82 0.22 0.00 0.00 143.82 0.22 0.00 0.00 
144.67 1.24 0.00 0.00 144.67 1.24 0.00 0.00 144.67 1.24 0.00 0.00 144.67 1.24 0.00 0.00 144.67 1.24 0.00 0.00 
145.52 2.27 0.00 0.00 145.52 2.27 0.00 0.00 145.52 2.27 0.00 0.00 145.52 2.27 0.00 0.00 145.52 2.27 0.00 0.00 
146.37 3.31 0.00 0.00 146.37 3.31 0.00 0.00 146.37 3.31 0.00 0.00 146.37 3.31 0.00 0.00 146.37 3.31 0.00 0.00 
147.21 4.36 0.00 0.00 147.21 4.36 0.00 0.00 147.21 4.36 0.00 0.00 147.21 4.36 0.00 0.00 147.21 4.36 0.00 0.00 
148.05 5.42 0.00 0.00 148.05 5.42 0.00 0.00 148.05 5.42 0.00 0.00 148.05 5.42 0.00 0.00 148.05 5.42 0.00 0.00 
148.89 6.49 0.00 0.00 148.89 6.49 0.00 0.00 148.89 6.49 0.00 0.00 148.89 6.49 0.00 0.00 148.89 6.49 0.00 0.00 
149.72 7.58 0.00 0.00 149.72 7.58 0.00 0.00 149.72 7.58 0.00 0.00 149.72 7.58 0.00 0.00 149.72 7.58 0.00 0.00 
150.54 8.67 0.00 0.00 150.54 8.67 0.00 0.00 150.54 8.67 0.00 0.00 150.54 8.67 0.00 0.00 150.54 8.67 0.00 0.00 
151.36 9.77 0.00 0.00 151.36 9.77 0.00 0.00 151.36 9.77 0.00 0.00 151.36 9.77 0.00 0.00 151.36 9.77 0.00 0.00 
152.18 10.88 0.00 0.00 152.18 10.88 0.00 0.00 152.18 10.88 0.00 0.00 152.18 10.88 0.00 0.00 152.18 10.88 0.00 0.00 
152.99 12.01 0.00 0.00 152.99 12.01 0.00 0.00 152.99 12.01 0.00 0.00 152.99 12.01 0.00 0.00 152.99 12.01 0.00 0.00 
153.80 13.14 0.00 0.00 153.80 13.14 0.00 0.00 153.80 13.14 0.00 0.00 153.80 13.14 0.00 0.00 153.80 13.14 0.00 0.00 
154.60 14.28 0.00 0.00 154.60 14.28 0.00 0.00 154.60 14.28 0.00 0.00 154.60 14.28 0.00 0.00 154.60 14.28 0.00 0.00 
155.40 15.42 0.00 0.00 155.40 15.42 0.00 0.00 155.40 15.42 0.00 0.00 155.40 15.42 0.00 0.00 155.40 15.42 0.00 0.00 
156.19 16.58 0.00 0.00 156.19 16.58 0.00 0.00 156.19 16.58 0.00 0.00 156.19 16.58 0.00 0.00 156.19 16.58 0.00 0.00 
156.98 17.75 0.00 0.00 156.98 17.75 0.00 0.00 156.98 17.75 0.00 0.00 156.98 17.75 0.00 0.00 156.98 17.75 0.00 0.00 
157.77 18.92 0.00 0.00 157.77 18.92 0.00 0.00 157.77 18.92 0.00 0.00 157.77 18.92 0.00 0.00 157.77 18.92 0.00 0.00 
158.55 20.10 0.00 0.00 158.55 20.10 0.00 0.00 158.55 20.10 0.00 0.00 158.55 20.10 0.00 0.00 158.55 20.10 0.00 0.00 
159.32 21.29 0.00 0.00 159.32 21.29 0.00 0.00 159.32 21.29 0.00 0.00 159.32 21.29 0.00 0.00 159.32 21.29 0.00 0.00 
160.09 22.48 0.00 0.00 160.09 22.48 0.00 0.00 160.09 22.48 0.00 0.00 160.09 22.48 0.00 0.00 160.09 22.48 0.00 0.00 
160.86 23.69 0.00 0.00 160.86 23.69 0.00 0.00 160.86 23.69 0.00 0.00 160.86 23.69 0.00 0.00 160.86 23.69 0.00 0.00 
161.62 24.90 0.00 0.00 161.62 24.90 0.00 0.00 161.62 24.90 0.00 0.00 161.62 24.90 0.00 0.00 161.62 24.90 0.00 0.00 
162.38 26.11 0.00 0.00 162.38 26.11 0.00 0.00 162.38 26.11 0.00 0.00 162.38 26.11 0.00 0.00 162.38 26.11 0.00 0.00 
163.14 27.34 0.00 0.00 163.14 27.34 0.00 0.00 163.14 27.34 0.00 0.00 163.14 27.34 0.00 0.00 163.14 27.34 0.00 0.00 
163.89 28.57 0.00 0.00 163.89 28.57 0.00 0.00 163.89 28.57 0.00 0.00 163.89 28.57 0.00 0.00 163.89 28.57 0.00 0.00 
164.63 29.80 0.00 0.00 164.63 29.80 0.00 0.00 164.63 29.80 0.00 0.00 164.63 29.80 0.00 0.00 164.63 29.80 0.00 0.00 
165.37 31.04 0.00 0.00 165.37 31.04 0.00 0.00 165.37 31.04 0.00 0.00 165.37 31.04 0.00 0.00 165.37 31.04 0.00 0.00 
166.11 32.29 0.00 0.00 166.11 32.29 0.00 0.00 166.11 32.29 0.00 0.00 166.11 32.29 0.00 0.00 166.11 32.29 0.00 0.00 
166.84 33.54 0.00 0.00 166.84 33.54 0.00 0.00 166.84 33.54 0.00 0.00 166.84 33.54 0.00 0.00 166.84 33.54 0.00 0.00 
167.57 34.80 0.00 0.00 167.57 34.80 0.00 0.00 167.57 34.80 0.00 0.00 167.57 34.80 0.00 0.00 167.57 34.80 0.00 0.00 
168.29 36.06 0.00 0.00 168.29 36.06 0.00 0.00 168.29 36.06 0.00 0.00 168.29 36.06 0.00 0.00 168.29 36.06 0.00 0.00 
169.01 37.33 0.00 0.00 169.01 37.33 0.00 0.00 169.01 37.33 0.00 0.00 169.01 37.33 0.00 0.00 169.01 37.33 0.00 0.00 
169.73 38.60 0.00 0.00 169.73 38.60 0.00 0.00 169.73 38.60 0.00 0.00 169.73 38.60 0.00 0.00 169.73 38.60 0.00 0.00 
170.44 39.88 0.00 0.00 170.44 39.88 0.00 0.00 170.44 39.88 0.00 0.00 170.44 39.88 0.00 0.00 170.44 39.88 0.00 0.00 
171.15 41.16 0.00 0.00 171.15 41.16 0.00 0.00 171.15 41.16 0.00 0.00 171.15 41.16 0.00 0.00 171.15 41.16 0.00 0.00 
171.85 42.44 0.00 0.00 171.85 42.44 0.00 0.00 171.85 42.44 0.00 0.00 171.85 42.44 0.00 0.00 171.85 42.44 0.00 0.00 
172.55 43.73 0.00 0.00 172.55 43.73 0.00 0.00 172.55 43.73 0.00 0.00 172.55 43.73 0.00 0.00 172.55 43.73 0.00 0.00 
173.25 45.02 0.00 0.00 173.25 45.02 0.00 0.00 173.25 45.02 0.00 0.00 173.25 45.02 0.00 0.00 173.25 45.02 0.00 0.00 
173.94 46.31 0.00 0.00 173.94 46.31 0.00 0.00 173.94 46.31 0.00 0.00 173.94 46.31 0.00 0.00 173.94 46.31 0.00 0.00 
174.63 47.60 0.00 0.00 174.63 47.60 0.00 0.00 174.63 47.60 0.00 0.00 174.63 47.60 0.00 0.00 174.63 47.60 0.00 0.00 
175.31 48.90 0.00 0.00 175.31 48.90 0.00 0.00 175.31 48.90 0.00 0.00 175.31 48.90 0.00 0.00 175.31 48.90 0.00 0.00 
175.99 50.20 0.00 0.00 175.99 50.20 0.00 0.00 175.99 50.20 0.00 0.00 175.99 50.20 0.00 0.00 175.99 50.20 0.00 0.00 
176.67 51.51 0.00 0.00 176.67 51.51 0.00 0.00 176.67 51.51 0.00 0.00 176.67 51.51 0.00 0.00 176.67 51.51 0.00 0.00 
177.34 52.81 0.00 0.00 177.34 52.81 0.00 0.00 177.34 52.81 0.00 0.00 177.34 52.81 0.00 0.00 177.34 52.81 0.00 0.00 
178.01 54.12 0.00 0.00 178.01 54.12 0.00 0.00 178.01 54.12 0.00 0.00 178.01 54.12 0.00 0.00 178.01 54.12 0.00 0.00 
178.68 55.43 0.00 0.00 178.68 55.43 0.00 0.00 178.68 55.43 0.00 0.00 178.68 55.43 0.00 0.00 178.68 55.43 0.00 0.00 
179.34 56.74 0.00 0.00 179.34 56.74 0.00 0.00 179.34 56.74 0.00 0.00 179.34 56.74 0.00 0.00 179.34 56.74 0.00 0.00 
180.00 58.05 0.00 0.00 180.00 58.05 0.00 0.00 180.00 58.05 0.00 0.00 180.00 58.05 0.00 0.00 180.00 58.05 0.00 0.00 
180.66 59.36 0.00 0.00 180.66 59.36 0.00 0.00 180.66 59.36 0.00 0.00 180.66 59.36 0.00 0.00 180.66 59.36 0.00 0.00 
181.31 60.67 0.00 0.00 181.31 60.67 0.00 0.00 181.31 60.67 0.00 0.00 181.31 60.67 0.00 0.00 181.31 60.67 0.00 0.00 
181.96 61.98 0.00 0.00 181.96 61.98 0.00 0.00 181.96 61.98 0.00 0.00 181.96 61.98 0.00 0.00 181.96 61.98 0.00 0.00 
182.61 63.30 0.00 0.00 182.61 63.30 0.00 0.00 182.61 63.30 0.00 0.00 182.61 63.30 0.00 0.00 182.61 63.30 0.00 0.00 
183.25 64.61 0.00 0.00 183.25 64.61 0.00 0.00 183.25 64.61 0.00 0.00 183.25 64.61 0.00 0.00 183.25 64.61 0.00 0.00 
183.89 65.92 0.00 0.00 183.89 65.92 0.00 0.00 183.89 65.92 0.00 0.00 183.89 65.92 0.00 0.00 183.89 65.92 0.00 0.00 
184.53 67.23 0.00 0.00 184.53 67.23 0.00 0.00 184.53 67.23 0.00 0.00 184.53 67.23 0.00 0.00 184.53 67.23 0.00 0.00 
185.16 68.54 0.00 0.00 185.16 68.54 0.00 0.00 185.16 68.54 0.00 0.00 185.16 68.54 0.00 0.00 185.16 68.54 0.00 0.00 
185.79 69.85 0.00 0.00 185.79 69.85 0.00 0.00 185.79 69.85 0.00 0.00 185.79 69.85 0.00 0.00 185.79 69.85 0.00 0.00 
186.42 71.16 0.00 0.00 186.42 71.16 0.00 0.00 186.42 71.16 0.00 0.00 186.42 71.16 0.00 0.00 186.42 71.16 0.00 0.00 
187.04 72.47 0.00 0.00 187.04 72.47 0.00 0.00 187.04 72.47 0.00 0.00 187.04 72.47 0.00 0.00 187.04 72.47 0.00 0.00 
187.66 73.78 0.00 0.00 187.66 73.78 0.00 0.00 187.66 73.78 0.00 0.00 187.66 73.78 0.00 0.00 187.66 73.78 0.00 0.00 
188.28 75.08 0.00 0.00 188.28 75.08 0.00 0.00 188.28 75.08 0.00 0.00 188.28 75.08 0.00 0.00 188.28 75.08 0.00 0.00 
188.90 76.38 0.00 0.00 188.90 76.38 0.00 0.00 188.90 76.38 0.00 0.00 188.90 76.38 0.00 0.00 188.90 76.38 0.00 0.00 
189.52 77.69 0.00 0.00 189.52 77.69 0.00 0.00 189.52 77.69 0.00 0.00 189.52 77.69 0.00 0.00 189.52 77.69 0.00 0.00 
190.13 78.98 0.00 0.00 190.13 78.98 0.00 0.00 190.13 78.98 0.00 0.00 190.13 78.98 0.00 0.00 190.13 78.98 0.00 0.00 
190.74 80.28 0.00 0.00 190.74 80.28 0.00 0.00 190.74 80.28 0.00 0.00 190.74 80.28 0.00 0.00 190.74 80.28 0.00 0.00 
191.34 81.57 0.00 0.00 191.34 81.57 0.00 0.00 191.34 81.57 0.00 0.00 191.34 81.57 0.00 0.00 191.34 81.57 0.00 0.00 
191.95 82.86 0.00 0.00 191.95 82.86 0.00 0.00 191.95 82.86 0.00 0.00 191.95 82.86 0.00 0.00 191.95 82.86 0.00 0.00 
192.55 84.15 0.00 0.00 192.55 84.15 0.00 0.00 192.55 84.15 0.00 0.00 192.55 84.15 0.00 0.00 192.55 84.15 0.00 0.00 
193.15 85.43 0.00 0.00 193.15 85.43 0.00 0.00 193.15 85.43 0.00 0.00 193.15 85.43 0.00 0.00 193.15 85.43 0.00 0.00 
193.75 86.71 0.00 0.00 193.75 86.71 0.00 0.00 193.75 86.71 0.00 0.00 193.75 86.71 0.00 0.00 193.75 86.71 0.00 0.00 
194.35 87.99 0.00 0.00 194.35 87.99 0.00 0.00 194.35 87.99 0.00 0.00 194.35 87.99 0.00 0.00 194.35 87.99 0.00 0.00 
194.94 89.26 0.00 0.00 194.94 89.26 0.00 0.00 194.94 89.26 0.00 0.00 194.94 89.26 0.00 0.00 194.94 89.26 0.00 0.00 
195.53 90.53 0.00 0.00 195.53 90.53 0.00 0.00 195.53 90.53 0.00 0.00 195.53 90.53 0.00 0.00 195.53 90.53 0.00 0.00 
196.12 91.80 0.00 0.00 196.12 91.80 0.00 0.00 196.12 91.80 0.00 0.00 196.12 91.80 0.00 0.00 196.12 91.80 0.00 0.00 
196.71 93.06 0.00 0.00 196.71 93.06 0.00 0.00 196.71 93.06 0.00 0.00 196.71 93.06 0.00 0.00 196.71 93.06 0.00 0.00 
197.30 94.31 0.00 0.00 197.30 94.31 0.00 0.00 197.30 94.31 0.00 0.00 197.30 94.31 0.00 0.00 197.30 94.31 0.00 0.00 
197.89 95.56 0.00 0.00 197.89 95.56 0.00 0.00 197.89 95.56 0.00 0.00 197.89 95.56 0.00 0.00 197.89 95.56 0.00 0.00 
198.47 96.81 0.00 0.00 198.47 96.81 0.00 0.00 198.47 96.81 0.00 0.00 198.47 96.81 0.00 0.00 198.47 96.81 0.00 0.00 
199.05 98.05 0.00 0.00 199.05 98.05 0.00 0.00 199.05 98.05 0.00 0.00 199.05 98.05 0.00 0.00 199.05 98.05 0.00 0.00 
199.63 99.29 0.00 0.00 199.63 99.29 0.00 0.00 199.63 99.29 0.00 0.00 199.63 99.29 0.00 0.00 199.63 99.29 0.00 0.00 
200.22 100.52 0.00 0.00 200.22 100.52 0.00 0.00 200.22 100.52 0.00 0.00 200.22 100.52 0.00 0.00 200.22 100.52 0.00 0.00 
200.79 101.75 0.00 0.00 200.79 101.75 0.00 0.00 200.79 101.75 0.00 0.00 200.79 101.75 0.00 0.00 200.79 101.75 0.00 0.00 
201.37 102.97 0.00 0.00 201.37 102.97 0.00 0.00 201.37 102.97 0.00 0.00 201.37 102.97 0.00 0.00 201.37 102.97 0.00 0.00 
201.95 104.18 0.00 0.00 201.95 104.18 0.00 0.00 201.95 104.18 0.00 0.00 201.95 104.18 0.00 0.00 201.95 104.18 0.00 0.00 
202.52 105.39 0.00 0.00 202.52 105.39 0.00 0.00 202.52 105.39 0.00 0.00 202.52 105.39 0.00 0.00 202.52 105.39 0.00 0.00 
203.10 106.60 0.00 0.00 203.10 106.60 0.00 0.00 203.10 106.60 0.00 0.00 203.10 106.60 0.00 0.00 203.10 106.60 0.00 0.00 
203.67 107.79 0.00 0.00 203.67 107.79 0.00 0.00 203.67 107.79 0.00 0.00 203.67 107.79 0.00 0.00 203.67 107.79 0.00 0.00 
204.25 108.98 0.00 0.00 204.25 108.98 0.00 0.00 204.25 108.98 0.00 0.00 204.25 108.98 0.00 0.00 204.25 108.98 0.00 0.00 
204.82 110.17 0.00 0.00 204.82 110.17 0.00 0.00 204.82 110.17 0.00 0.00 204.82 110.17 0.00 0.00 204.82 110.17 0.00 0.00 
205.39 111.35 0.00 0.00 205.39 111.35 0.00 0.00 205.39 111.35 0.00 0.00 205.39 111.35 0.00 0.00 205.39 111.35 0.00 0.00 
205.96 112.52 0.00 0.00 205.96 112.52 0.00 0.00 205.96 112.52 0.00 0.00 205.96 112.52 0.00 0.00 205.96 112.52 0.00 0.00 
206.53 113.69 0.00 0.00 206.53 113.69 0.00 0.00 206.53 113.69 0.00 0.00 206.53 113.69 0.00 0.00 206.53 113.69 0.00 0.00 
207.10 114.84 0.00 0.00 207.10 114.84 0.00 0.00 207.10 114.84 0.00 0.00 207.10 114.84 0.00 0.00 207.10 114.84 0.00 0.00 
207.67 116.00 0.00 0.00 207.67 116.00 0.00 0.00 207.67 116.00 0.00 0.00 207.67 116.00 0.00 0.00 207.67 116.00 0.00 0.00 
208.24 117.14 0.00 0.00 208.24 117.14 0.00 0.00 208.24 117.14 0.00 0.00 208.24 117.14 0.00 0.00 208.24 117.14 0.00 0.00 
208.81 118.28 0.00 0.00 208.81 118.28 0.00 0.00 208.81 118.28 0.00 0.00 208.81 118.28 0.00 0.00 208.81 118.28 0.00 0.00 
209.38 119.41 0.00 0.00 209.38 119.41 0.00 0.00 209.38 119.41 0.00 0.00 209.38 119.41 0.00 0.00 209.38 119.41 0.00 0.00 
209.95 120.53 0.00 0.00 209.95 120.53 0.00 0.00 209.95 120.53 0.00 0.00 209.95 120.53 0.00 0.00 209.95 120.53 0.00 0.00 
210.52 121.65 0.00 0.00 210.52 121.65 0.00 0.00 210.52 121.65 0.00 0.00 210.52 121.65 0.00 0.00 210.52 121.65 0.00 0.00 
211.09 122.76 0.00 0.00 211.09 122.76 0.00 0.00 211.09 122.76 0.00 0.00 211.09 122.76 0.00 0.00 211.09 122.76 0.00 0.00 
211.66 123.86 0.00 0.00 211.66 123.86 0.00 0.00 211.66 123.86 0.00 0.00 211.66 123.86 0.00 0.00 211.66 123.86 0.00 0.00 
212.23 124.96 0.00 0.00 212.23 124.96 0.00 0.00 212.23 124.96 0.00 0.00 212.23 124.96 0.00 0.00 212.23 124.96 0.00 0.00 
212.80 126.05 0.00 0.00 212.80 126.05 0.00 0.00 212.80 126.05 0.00 0.00 212.80 126.05 0.00 0.00 212.80 126.05 0.00 0.00 
213.37 127.13 0.00 0.00 213.37 127.13 0.00 0.00 213.37 127.13 0.00 0.00 213.37 127.13 0.00 0.00 213.37 127.13 0.00 0.00 
213.94 128.20 0.00 0.00 213.94 128.20 0.00 0.00 213.94 128.20 0.00 0.00 213.94 128.20 0.00 0.00 213.94 128.20 0.00 0.00 
214.51 129.26 0.00 0.00 214.51 129.26 0.00 0.00 214.51 129.26 0.00 0.00 214.51 129.26 0.00 0.00 214.51 129.26 0.00 0.00 
215.09 130.32 0.00 0.00 215.09 130.32 0.00 0.00 215.09 130.32 0.00 0.00 215.09 130.32 0.00 0.00 215.09 130.32 0.00 0.00 
215.66 131.37 0.00 0.00 215.66 131.37 0.00 0.00 215.66 131.37 0.00 0.00 215.66 131.37 0.00 0.00 215.66 131.37 0.00 0.00 
216.23 132.41 0.00 0.00 216.23 132.41 0.00 0.00 216.23 132.41 0.00 0.00 216.23 132.41 0.00 0.00 216.23 132.41 0.00 0.00 
216.80 133.44 0.00 0.00 216.80 133.44 0.00 0.00 216.80 133.44 0.00 0.00 216.80 133.44 0.00 0.00 216.80 133.44 0.00 0.00 
217.38 134.47 0.00 0.00 217.38 134.47 0.00 0.00 217.38 134.47 0.00 0.00 217.38 134.47 0.00 0.00 217.38 134.47 0.00 0.00 
217.95 135.49 0.00 0.00 217.95 135.49 0.00 0.00 217.95 135.49 0.00 0.00 217.95 135.49 0.00 0.00 217.95 135.49 0.00 0.00 
218.53 136.50 0.00 0.00 218.53 136.50 0.00 0.00 218.53 136.50 0.00 0.00 218.53 136.50 0.00 0.00 218.53 136.50 0.00 0.00 
219.11 137.50 0.00 0.00 219.11 137.50 0.00 0.00 219.11 137.50 0.00 0.00 219.11 137.50 0.00 0.00 219.11 137.50 0.00 0.00 
219.68 138.50 0.00 0.00 219.68 138.50 0.00 0.00 219.68 138.50 0.00 0.00 219.68 138.50 0.00 0.00 219.68 138.50 0.00 0.00 
220.26 139.48 0.00 0.00 220.26 139.48 0.00 0.00 220.26 139.48 0.00 0.00 220.26 139.48 0.00 0.00 220.26 139.48 0.00 0.00 
220.84 140.46 0.00 0.00 220.84 140.46 0.00 0.00 220.84 140.46 0.00 0.00 220.84 140.46 0.00 0.00 220.84 140.46 0.00 0.00 
221.42 141.44 0.00 0.00 221.42 141.44 0.00 0.00 221.42 141.44 0.00 0.00 221.42 141.44 0.00 0.00 221.42 141.44 0.00 0.00 
222.00 142.40 0.00 0.00 222.00 142.40 0.00 0.00 222.00 142.40 0.00 0.00 222.00 142.40 0.00 0.00 222.00 142.40 0.00 0.00 
222.59 143.36 0.00 0.00 222.59 143.36 0.00 0.00 222.59 143.36 0.00 0.00 222.59 143.36 0.00 0.00 222.59 143.36 0.00 0.00 
223.17 144.31 0.00 0.00 223.17 144.31 0.00 0.00 223.17 144.31 0.00 0.00 223.17 144.31 0.00 0.00 223.17 144.31 0.00 0.00 
223.76 145.25 0.00 0.00 223.76 145.25 0.00 0.00 223.76 145.25 0.00 0.00 223.76 145.25 0.00 0.00 223.76 145.25 0.00 0.00 
224.34 146.18 0.00 0.00 224.34 146.18 0.00 0.00 224.34 146.18 0.00 0.00 224.34 146.18 0.00 0.00 224.34 146.18 0.00 0.00 
224.93 147.11 0.00 0.00 224.93 147.11 0.00 0.00 224.93 147.11 0.00 0.00 224.93 147.11 0.00 0.00 224.93 147.11 0.00 0.00 
225.52 148.02 0.00 0.00 225.52 148.02 0.00 0.00 225.52 148.02 0.00 0.00 225.52 148.02 0.00 0.00 225.52 148.02 0.00 0.00 
226.11 148.94 0.00 0.00 226.11 148.94 0.00 0.00 226.11 148.94 0.00 0.00 226.11 148.94 0.00 0.00 226.11 148.94 0.00 0.00 
226.70 149.84 0.00 0.00 226.70 149.84 0.00 0.00 226.70 149.84 0.00 0.00 226.70 149.84 0.00 0.00 226.70 149.84 0.00 0.00 
227.30 150.74 0.00 0.00 227.30 150.74 0.00 0.00 227.30 150.74 0.00 0.00 227.30 150.74 0.00 0.00 227.30 150.74 0.00 0.00 
227.89 151.63 0.00 0.00 227.89 151.63 0.00 0.00 227.89 151.63 0.00 0.00 227.89 151.63 0.00 0.00 227.89 151.63 0.00 0.00 
228.49 152.51 0.00 0.00 228.49 152.51 0.00 0.00 228.49 152.51 0.00 0.00 228.49 152.51 0.00 0.00 228.49 152.51 0.00 0.00 
229.09 153.38 0.00 0.00 229.09 153.38 0.00 0.00 229.09 153.38 0.00 0.00 229.09 153.38 0.00 0.00 229.09 153.38 0.00 0.00 
229.68 154.25 0.00 0.00 229.68 154.25 0.00 0.00 229.68 154.25 0.00 0.00 229.68 154.25 0.00 0.00 229.68 154.25 0.00 0.00 
230.28 155.11 0.00 0.00 230.28 155.11 0.00 0.00 230.28 155.11 0.00 0.00 230.28 155.11 0.00 0.00 230.28 155.11 0.00 0.00 
230.89 155.97 0.00 0.00 230.89 155.97 0.00 0.00 230.89 155.97 0.00 0.00 230.89 155.97 0.00 0.00 230.89 155.97 0.00 0.00 
231.49 156.82 0.00 0.00 231.49 156.82 0.00 0.00 231.49 156.82 0.00 0.00 231.49 156.82 0.00 0.00 231.49 156.82 0.00 0.00 
232.09 157.66 0.00 0.00 232.09 157.66 0.00 0.00 232.09 157.66 0.00 0.00 232.09 157.66 0.00 0.00 232.09 157.66 0.00 0.00 
232.70 158.49 0.00 0.00 232.70 158.49 0.00 0.00 232.70 158.49 0.00 0.00 232.70 158.49 0.00 0.00 232.70 158.49 0.00 0.00 
233.31 159.32 0.00 0.00 233.31 159.32 0.00 0.00 233.31 159.32 0.00 0.00 233.31 159.32 0.00 0.00 233.31 159.32 0.00 0.00 
233.92 160.14 0.00 0.00 233.92 160.14 0.00 0.00 233.92 160.14 0.00 0.00 233.92 160.14 0.00 0.00 233.92 160.14 0.00 0.00 
234.53 160.96 0.00 0.00 234.53 160.96 0.00 0.00 234.53 160.96 0.00 0.00 234.53 160.96 0.00 0.00 234.53 160.96 0.00 0.00 
235.14 161.77 0.00 0.00 235.14 161.77 0.00 0.00 235.14 161.77 0.00 0.00 235.14 161.77 0.00 0.00 235.14 161.77 0.00 0.00 
235.75 162.58 0.00 0.00 235.75 162.58 0.00 0.00 235.75 162.58 0.00 0.00 235.75 162.58 0.00 0.00 235.75 162.58 0.00 0.00 
236.37 163.38 0.00 0.00 236.37 163.38 0.00 0.00 236.37 163.38 0.00 0.00 236.37 163.38 0.00 0.00 236.37 163.38 0.00 0.00 
236.98 164.17 0.00 0.00 236.98 164.17 0.00 0.00 236.98 164.17 0.00 0.00 236.98 164.17 0.00 0.00 236.98 164.17 0.00 0.00 
237.60 164.96 0.00 0.00 237.60 164.96 0.00 0.00 237.60 164.96 0.00 0.00 237.60 164.96 0.00 0.00 237.60 164.96 0.00 0.00 
238.22 165.75 0.00 0.00 238.22 165.75 0.00 0.00 238.22 165.75 0.00 0.00 238.22 165.75 0.00 0.00 238.22 165.75 0.00 0.00 
238.84 166.53 0.00 0.00 238.84 166.53 0.00 0.00 238.84 166.53 0.00 0.00 238.84 166.53 0.00 0.00 238.84 166.53 0.00 0.00 
239.46 167.30 0.00 0.00 239.46 167.30 0.00 0.00 239.46 167.30 0.00 0.00 239.46 167.30 0.00 0.00 239.46 167.30 0.00 0.00 
240.08 168.07 0.00 0.00 240.08 168.07 0.00 0.00 240.08 168.07 0.00 0.00 240.08 168.07 0.00 0.00 240.08 168.07 0.00 0.00 
240.71 168.84 0.00 0.00 240.71 168.84 0.00 0.00 240.71 168.84 0.00 0.00 240.71 168.84 0.00 0.00 240.71 168.84 0.00 0.00 
241.33 169.60 0.00 0.00 241.33 169.60 0.00 0.00 241.33 169.60 0.00 0.00 241.33 169.60 0.00 0.00 241.33 169.60 0.00 0.00 
241.96 170.36 0.00 0.00 241.96 170.36 0.00 0.00 241.96 170.36 0.00 0.00 241.96 170.36 0.00 0.00 241.96 170.36 0.00 0.00 
242.58 171.11 0.00 0.00 242.58 171.11 0.00 0.00 242.58 171.11 0.00 0.00 242.58 171.11 0.00 0.00 242.58 171.11 0.00 0.00 
243.21 171.87 0.00 0.00 243.21 171.87 0.00 0.00 243.21 171.87 0.00 0.00 243.21 171.87 0.00 0.00 243.21 171.87 0.00 0.00 
243.84 172.62 0.00 0.00 243.84 172.62 0.00 0.00 243.84 172.62 0.00 0.00 243.84 172.62 0.00 0.00 243.84 172.62 0.00 0.00 
244.46 173.36 0.00 0.00 244.46 173.36 0.00 0.00 244.46 173.36 0.00 0.00 244.46 173.36 0.00 0.00 244.46 173.36 0.00 0.00 
245.09 174.11 0.00 0.00 245.09 174.11 0.00 0.00 245.09 174.11 0.00 0.00 245.09 174.11 0.00 0.00 245.09 174.11 0.00 0.00 
245.72 174.85 0.00 0.00 245.72 174.85 0.00 0.00 245.72 174.85 0.00 0.00 245.72 174.85 0.00 0.00 245.72 174.85 0.00 0.00 
246.35 175.59 0.00 0.00 246.35 175.59 0.00 0.00 246.35 175.59 0.00 0.00 246.35 175.59 0.00 0.00 246.35 175.59 0.00 0.00 
246.98 176.32 0.00 0.00 246.98 176.32 0.00 0.00 246.98 176.32 0.00 0.00 246.98 176.32 0.00 0.00 246.98 176.32 0.00 0.00 
247.61 177.06 0.00 0.00 247.61 177.06 0.00 0.00 247.61 177.06 0.00 0.00 247.61 177.06 0.00 0.00 247.61 177.06 0.00 0.00 
248.24 177.80 0.00 0.00 248.24 177.80 0.00 0.00 248.24 177.80 0.00 0.00 248.24 177.80 0.00 0.00 248.24 177.80 0.00 0.00 
248.87 178.53 0.00 0.00 248.87 178.53 0.00 0.00 248.87 178.53 0.00 0.00 248.87 178.53 0.00 0.00 248.87 178.53 0.00 0.00 
249.50 179.26 0.00 0.00 249.50 179.26 0.00 0.00 249.50 179.26 0.00 0.00 249.50 179.26 0.00 0.00 249.50 179.26 0.00 0.00 
250.12 180.00 0.00 0.00 250.12 180.00 0.00 0.00 250.12 180.00 0.00 0.00 250.12 180.00 0.00 0.00 250.12 180.00 0.00 0.00 
250.75 180.73 0.00 0.00 250.75 180.73 0.00 0.00 250.75 180.73 0.00 0.00 250.75 180.73 0.00 0.00 250.75 180.73 0.00 0.00 
251.38 181.47 0.00 0.00 251.38 181.47 0.00 0.00 251.38 181.47 0.00 0.00 251.38 181.47 0.00 0.00 251.38 181.47 0.00 0.00 
252.00 182.20 0.00 0.00 252.00 182.20 0.00 0.00 252.00 182.20 0.00 0.00 252.00 182.20 0.00 0.00 252.00 182.20 0.00 0.00 
252.63 182.94 0.00 0.00 252.63 182.94 0.00 0.00 252.63 182.94 0.00 0.00 252.63 182.94 0.00 0.00 252.63 182.94 0.00 0.00 
253.25 183.68 0.00 0.00 253.25 183.68 0.00 0.00 253.25 183.68 0.00 0.00 253.25 183.68 0.00 0.00 253.25 183.68 0.00 0.00 
253.87 184.42 0.00 0.00 253.87 184.42 0.00 0.00 253.87 184.42 0.00 0.00 253.87 184.42 0.00 0.00 253.87 184.42 0.00 0.00 
254.49 185.17 0.00 0.00 254.49 185.17 0.00 0.00 254.49 185.17 0.00 0.00 254.49 185.17 0.00 0.00 254.49 185.17 0.00 0.00 
255.11 185.91 0.00 0.00 255.11 185.91 0.00 0.00 255.11 185.91 0.00 0.00 255.11 185.91 0.00 0.00 255.11 185.91 0.00 0.00 
255.72 186.66 0.00 0.00 255.72 186.66 0.00 0.00 255.72 186.66 0.00 0.00 255.72 186.66 0.00 0.00 255.72 186.66 0.00 0.00 
256.34 187.42 0.00 0.00 256.34 187.42 0.00 0.00 256.34 187.42 0.00 0.00 256.34 187.42 0.00 0.00 256.34 187.42 0.00 0.00 
256.94 188.18 0.00 0.00 256.94 188.18 0.00 0.00 256.94 188.18 0.00 0.00 256.94 188.18 0.00 0.00 256.94 188.18 0.00 0.00 
257.55 188.94 0.00 0.00 257.55 188.94 0.00 0.00 257.55 188.94 0.00 0.00 257.55 188.94 0.00 0.00 257.55 188.94 0.00 0.00 
258.15 189.71 0.00 0.00 258.15 189.71 0.00 0.00 258.15 189.71 0.00 0.00 258.15 189.71 0.00 0.00 258.15 189.71 0.00 0.00 
258.75 190.48 0.00 0.00 258.75 190.48 0.00 0.00 258.75 190.48 0.00 0.00 258.75 190.48 0.00 0.00 258.75 190.48 0.00 0.00 
259.35 191.27 0.00 0.00 259.35 191.27 0.00 0.00 259.35 191.27 0.00 0.00 259.35 191.27 0.00 0.00 259.35 191.27 0.00 0.00 
259.93 192.06 0.00 0.00 259.93 192.06 0.00 0.00 259.93 192.06 0.00 0.00 259.93 192.06 0.00 0.00 259.93 192.06 0.00 0.00 
260.52 192.85 0.00 0.00 260.52 192.85 0.00 0.00 260.52 192.85 0.00 0.00 260.52 192.85 0.00 0.00 260.52 192.85 0.00 0.00 
261.10 193.66 0.00 0.00 261.10 193.66 0.00 0.00 261.10 193.66 0.00 0.00 261.10 193.66 0.00 0.00 261.10 193.66 0.00 0.00 
261.67 194.47 0.00 0.00 261.67 194.47 0.00 0.00 261.67 194.47 0.00 0.00 261.67 194.47 0.00 0.00 261.67 194.47 0.00 0.00 
262.24 195.30 0.00 0.00 262.24 195.30 0.00 0.00 262.24 195.30 0.00 0.00 262.24 195.30 0.00 0.00 262.24 195.30 0.00 0.00 
262.79 196.13 0.00 0.00 262.79 196.13 0.00 0.00 262.79 196.13 0.00 0.00 262.79 196.13 0.00 0.00 262.79 196.13 0.00 0.00 
263.35 196.98 0.00 0.00 263.35 196.98 0.00 0.00 263.35 196.98 0.00 0.00 263.35 196.98 0.00 0.00 263.35 196.98 0.00 0.00 
263.89 197.84 0.00 0.00 263.89 197.84 0.00 0.00 263.89 197.84 0.00 0.00 263.89 197.84 0.00 0.00 263.89 197.84 0.00 0.00 
264.42 198.71 0.00 0.00 264.42 198.71 0.00 0.00 264.42 198.71 0.00 0.00 264.42 198.71 0.00 0.00 264.42 198.71 0.00 0.00 
264.95 199.60 0.00 0.00 264.95 199.60 0.00 0.00 264.95 199.60 0.00 0.00 264.95 199.60 0.00 0.00 264.95 199.60 0.00 0.00 
265.46 200.50 0.00 0.00 265.46 200.50 0.00 0.00 265.46 200.50 0.00 0.00 265.46 200.50 0.00 0.00 265.46 200.50 0.00 0.00 
265.96 201.42 0.00 0.00 265.96 201.42 0.00 0.00 265.96 201.42 0.00 0.00 265.96 201.42 0.00 0.00 265.96 201.42 0.00 0.00 
266.45 202.35 0.00 0.00 266.45 202.35 0.00 0.00 266.45 202.35 0.00 0.00 266.45 202.35 0.00 0.00 266.45 202.35 0.00 0.00 
266.93 203.31 0.00 0.00 266.93 203.31 0.00 0.00 266.93 203.31 0.00 0.00 266.93 203.31 0.00 0.00 266.93 203.31 0.00 0.00 
267.39 204.28 0.00 0.00 267.39 204.28 0.00 0.00 267.39 204.28 0.00 0.00 267.39 204.28 0.00 0.00 267.39 204.28 0.00 0.00 
267.84 205.28 0.00 0.00 267.84 205.28 0.00 0.00 267.84 205.28 0.00 0.00 267.84 205.28 0.00 0.00 267.84 205.28 0.00 0.00 
268.27 206.30 0.00 0.00 268.27 206.30 0.00 0.00 268.27 206.30 0.00 0.00 268.27 206.30 0.00 0.00 268.27 206.30 0.00 0.00 
268.69 207.34 0.00 0.00 268.69 207.34 0.00 0.00 268.69 207.34 0.00 0.00 268.69 207.34 0.00 0.00 268.69 207.34 0.00 0.00 
269.08 208.41 0.00 0.00 269.08 208.41 0.00 0.00 269.08 208.41 0.00 0.00 269.08 208.41 0.00 0.00 269.08 208.41 0.00 0.00 
269.45 209.50 0.00 0.00 269.45 209.50 0.00 0.00 269.45 209.50 0.00 0.00 269.45 209.50 0.00 0.00 269.45 209.50 0.00 0.00 
269.80 210.63 0.00 0.00 269.80 210.63 0.00 0.00 269.80 210.63 0.00 0.00 269.80 210.63 0.00 0.00 269.80 210.63 0.00 0.00 
270.12 211.80 0.00 0.00 270.12 211.80 0.00 0.00 270.12 211.80 0.00 0.00 270.12 211.80 0.00 0.00 270.12 211.80 0.00 0.00 
270.41 212.99 0.00 0.00 270.41 212.99 0.00 0.00 270.41 212.99 0.00 0.00 270.41 212.99 0.00 0.00 270.41 212.99 0.00 0.00 
270.68 214.23 0.00 0.00 270.68 214.23 0.00 0.00 270.68 214.23 0.00 0.00 270.68 214.23 0.00 0.00 270.68 214.23 0.00 0.00 
270.90 215.51 0.00 0.00 270.90 215.51 0.00 0.00 270.90 215.51 0.00 0.00 270.90 215.51 0.00 0.00 270.90 215.51 0.00 0.00 
271.09 216.84 0.00 0.00 271.09 216.84 0.00 0.00 271.09 216.84 0.00 0.00 271.09 216.84 0.00 0.00 271.09 216.84 0.00 0.00 
271.24 218.22 0.00 0.00 271.24 218.22 0.00 0.00 271.24 218.22 0.00 0.00 271.24 218.22 0.00 0.00 271.24 218.22 0.00 0.00 
271.34 219.66 0.00 0.00 271.34 219.66 0.00 0.00 271.34 219.66 0.00 0.00 271.34 219.66 0.00 0.00 271.34 219.66 0.00 0.00 
271.38 221.17 0.00 0.00 271.38 221.17 0.00 0.00 271.38 221.17 0.00 0.00 271.38 221.17 0.00 0.00 271.38 221.17 0.00 0.00 
271.36 222.74 0.00 0.00 271.36 222.74 0.00 0.00 271.36 222.74 0.00 0.00 271.36 222.74 0.00 0.00 271.36 222.74 0.00 0.00 
271.26 224.41 0.00 0.00 271.26 224.41 0.00 0.00 271.26 224.41 0.00 0.00 271.26 224.41 0.00 0.00 271.26 224.41 0.00 0.00 
271.08 226.17 0.00 0.00 271.08 226.17 0.00 0.00 271.08 226.17 0.00 0.00 271.08 226.17 0.00 0.00 271.08 226.17 0.00 0.00 
270.80 228.05 0.00 0.00 270.80 228.05 0.00 0.00 270.80 228.05 0.00 0.00 270.80 228.05 0.00 0.00 270.80 228.05 0.00 0.00 
270.38 230.07 0.00 0.00 270.38 230.07 0.00 0.00 270.38 230.07 0.00 0.00 270.38 230.07 0.00 0.00 270.38 230.07 0.00 0.00 
269.80 232.27 0.00 0.00 269.80 232.27 0.00 0.00 269.80 232.27 0.00 0.00 269.80 232.27 0.00 0.00 269.80 232.27 0.00 0.00 
269.01 234.70 0.00 0.00 269.01 234.70 0.00 0.00 269.01 234.70 0.00 0.00 269.01 234.70 0.00 0.00 269.01 234.70 0.00 0.00 
267.92 237.46 0.00 0.00 267.92 237.46 0.00 0.00 267.92 237.46 0.00 0.00 267.92 237.46 0.00 0.00 267.92 237.46 0.00 0.00 
266.35 240.70 0.00 0.00 266.35 240.70 0.00 0.00 266.35 240.70 0.00 0.00 266.35 240.70 0.00 0.00 266.35 240.70 0.00 0.00 
263.87 244.89 0.00 0.00 263.87 244.89 0.00 0.00 263.87 244.89 0.00 0.00 263.87 244.89 0.00 0.00 263.87 244.89 0.00 0.00 
265.14 245.00 0.00 0.00 265.14 245.00 0.00 0.00 265.14 245.00 0.00 0.00 265.14 245.00 0.00 0.00 265.14 245.00 0.00 0.00 
266.40 245.10 0.00 0.00 266.40 245.10 0.00 0.00 266.40 245.10 0.00 0.00 266.40 245.10 0.00 0.00 266.40 245.10 0.00 0.00 
267.67 245.21 0.00 0.00 267.67 245.21 0.00 0.00 267.67 245.21 0.00 0.00 267.67 245.21 0.00 0.00 267.67 245.21 0.00 0.00 
268.94 245.32 0.00 0.00 268.94 245.32 0.00 0.00 268.94 245.32 0.00 0.00 268.94 245.32 0.00 0.00 268.94 245.32 0.00 0.00 
270.20 245.42 0.00 0.00 270.20 245.42 0.00 0.00 270.20 245.42 0.00 0.00 270.20 245.42 0.00 0.00 270.20 245.42 0.00 0.00 
271.47 245.53 0.00 0.00 271.47 245.53 0.00 0.00 271.47 245.53 0.00 0.00 271.47 245.53 0.00 0.00 271.47 245.53 0.00 0.00 
272.73 245.64 0.00 0.00 272.73 245.64 0.00 0.00 272.73 245.64 0.00 0.00 272.73 245.64 0.00 0.00 272.73 245.64 0.00 0.00 
273.99 245.75 0.00 0.00 273.99 245.75 0.00 0.00 273.99 245.75 0.00 0.00 273.99 245.75 0.00 0.00 273.99 245.75 0.00 0.00 
275.25 245.86 0.00 0.00 275.25 245.86 0.00 0.00 275.25 245.86 0.00 0.00 275.25 245.86 0.00 0.00 275.25 245.86 0.00 0.00 
276.51 245.97 0.00 0.00 276.51 245.97 0.00 0.00 276.51 245.97 0.00 0.00 276.51 245.97 0.00 0.00 276.51 245.97 0.00 0.00 
277.77 246.08 0.00 0.00 277.77 246.08 0.00 0.00 277.77 246.08 0.00 0.00 277.77 246.08 0.00 0.00 277.77 246.08 0.00 0.00 
279.03 246.20 0.00 0.00 279.03 246.20 0.00 0.00 279.03 246.20 0.00 0.00 279.03 246.20 0.00 0.00 279.03 246.20 0.00 0.00 
280.28 246.32 0.00 0.00 280.28 246.32 0.00 0.00 280.28 246.32 0.00 0.00 280.28 246.32 0.00 0.00 280.28 246.32 0.00 0.00 
281.54 246.44 0.00 0.00 281.54 246.44 0.00 0.00 281.54 246.44 0.00 0.00 281.54 246.44 0.00 0.00 281.54 246.44 0.00 0.00 
282.79 246.56 0.00 0.00 282.79 246.56 0.00 0.00 282.79 246.56 0.00 0.00 282.79 246.56 0.00 0.00 282.79 246.56 0.00 0.00 
284.03 246.69 0.00 0.00 284.03 246.69 0.00 0.00 284.03 246.69 0.00 0.00 284.03 246.69 0.00 0.00 284.03 246.69 0.00 0.00 
285.28 246.82 0.00 0.00 285.28 246.82 0.00 0.00 285.28 246.82 0.00 0.00 285.28 246.82 0.00 0.00 285.28 246.82 0.00 0.00 
286.52 246.95 0.00 0.00 286.52 246.95 0.00 0.00 286.52 246.95 0.00 0.00 286.52 246.95 0.00 0.00 286.52 246.95 0.00 0.00 
287.76 247.08 0.00 0.00 287.76 247.08 0.00 0.00 287.76 247.08 0.00 0.00 287.76 247.08 0.00 0.00 287.76 247.08 0.00 0.00 
289.00 247.22 0.00 0.00 289.00 247.22 0.00 0.00 289.00 247.22 0.00 0.00 289.00 247.22 0.00 0.00 289.00 247.22 0.00 0.00 
290.23 247.36 0.00 0.00 290.23 247.36 0.00 0.00 290.23 247.36 0.00 0.00 290.23 247.36 0.00 0.00 290.23 247.36 0.00 0.00 
291.46 247.50 0.00 0.00 291.46 247.50 0.00 0.00 291.46 247.50 0.00 0.00 291.46 247.50 0.00 0.00 291.46 247.50 0.00 0.00 
292.69 247.65 0.00 0.00 292.69 247.65 0.00 0.00 292.69 247.65 0.00 0.00 292.69 247.65 0.00 0.00 292.69 247.65 0.00 0.00 
293.91 247.81 0.00 0.00 293.91 247.81 0.00 0.00 293.91 247.81 0.00 0.00 293.91 247.81 0.00 0.00 293.91 247.81 0.00 0.00 
295.13 247.96 0.00 0.00 295.13 247.96 0.00 0.00 295.13 247.96 0.00 0.00 295.13 247.96 0.00 0.00 295.13 247.96 0.00 0.00 
296.34 248.12 0.00 0.00 296.34 248.12 0.00 0.00 296.34 248.12 0.00 0.00 296.34 248.12 0.00 0.00 296.34 248.12 0.00 0.00 
297.56 248.29 0.00 0.00 297.56 248.29 0.00 0.00 297.56 248.29 0.00 0.00 297.56 248.29 0.00 0.00 297.56 248.29 0.00 0.00 
298.76 248.46 0.00 0.00 298.76 248.46 0.00 0.00 298.76 248.46 0.00 0.00 298.76 248.46 0.00 0.00 298.76 248.46 0.00 0.00 
299.97 248.63 0.00 0.00 299.97 248.63 0.00 0.00 299.97 248.63 0.00 0.00 299.97 248.63 0.00 0.00 299.97 248.63 0.00 0.00 
301.16 248.81 0.00 0.00 301.16 248.81 0.00 0.00 301.16 248.81 0.00 0.00 301.16 248.81 0.00 0.00 301.16 248.81 0.00 0.00 
302.36 249.00 0.00 0.00 302.36 249.00 0.00 0.00 302.36 249.00 0.00 0.00 302.36 249.00 0.00 0.00 302.36 249.00 0.00 0.00 
303.55 249.18 0.00 0.00 303.55 249.18 0.00 0.00 303.55 249.18 0.00 0.00 303.55 249.18 0.00 0.00 303.55 249.18 0.00 0.00 
304.73 249.38 0.00 0.00 304.73 249.38 0.00 0.00 304.73 249.38 0.00 0.00 304.73 249.38 0.00 0.00 304.73 249.38 0.00 0.00 
305.91 249.58 0.00 0.00 305.91 249.58 0.00 0.00 305.91 249.58 0.00 0.00 305.91 249.58 0.00 0.00 305.91 249.58 0.00 0.00 
307.08 249.79 0.00 0.00 307.08 249.79 0.00 0.00 307.08 249.79 0.00 0.00 307.08 249.79 0.00 0.00 307.08 249.79 0.00 0.00 
308.25 250.00 0.00 0.00 308.25 250.00 0.00 0.00 308.25 250.00 0.00 0.00 308.25 250.00 0.00 0.00 308.25 250.00 0.00 0.00 
309.41 250.21 0.00 0.00 309.41 250.21 0.00 0.00 309.41 250.21 0.00 0.00 309.41 250.21 0.00 0.00 309.41 250.21 0.00 0.00 
310.57 250.44 0.00 0.00 310.57 250.44 0.00 0.00 310.57 250.44 0.00 0.00 310.57 250.44 0.00 0.00 310.57 250.44 0.00 0.00 
311.72 250.67 0.00 0.00 311.72 250.67 0.00 0.00 311.72 250.67 0.00 0.00 311.72 250.67 0.00 0.00 311.72 250.67 0.00 0.00 
312.86 250.90 0.00 0.00 312.86 250.90 0.00 0.00 312.86 250.90 0.00 0.00 312.86 250.90 0.00 0.00 312.86 250.90 0.00 0.00 
314.00 251.15 0.00 0.00 314.00 251.15 0.00 0.00 314.00 251.15 0.00 0.00 314.00 251.15 0.00 0.00 314.00 251.15 0.00 0.00 
315.14 251.40 0.00 0.00 315.14 251.40 0.00 0.00 315.14 251.40 0.00 0.00 315.14 251.40 0.00 0.00 315.14 251.40 0.00 0.00 
316.26 251.65 0.00 0.00 316.26 251.65 0.00 0.00 316.26 251.65 0.00 0.00 316.26 251.65 0.00 0.00 316.26 251.65 0.00 0.00 
317.38 251.91 0.00 0.00 317.38 251.91 0.00 0.00 317.38 251.91 0.00 0.00 317.38 251.91 0.00 0.00 317.38 251.91 0.00 0.00 
318.50 252.18 0.00 0.00 318.50 252.18 0.00 0.00 318.50 252.18 0.00 0.00 318.50 252.18 0.00 0.00 318.50 252.18 0.00 0.00 
319.61 252.46 0.00 0.00 319.61 252.46 0.00 0.00 319.61 252.46 0.00 0.00 319.61 252.46 0.00 0.00 319.61 252.46 0.00 0.00 
320.71 252.74 0.00 0.00 320.71 252.74 0.00 0.00 320.71 252.74 0.00 0.00 320.71 252.74 0.00 0.00 320.71 252.74 0.00 0.00 
321.80 253.04 0.00 0.00 321.80 253.04 0.00 0.00 321.80 253.04 0.00 0.00 321.80 253.04 0.00 0.00 321.80 253.04 0.00 0.00 
322.89 253.33 0.00 0.00 322.89 253.33 0.00 0.00 322.89 253.33 0.00 0.00 322.89 253.33 0.00 0.00 322.89 253.33 0.00 0.00 
323.97 253.64 0.00 0.00 323.97 253.64 0.00 0.00 323.97 253.64 0.00 0.00 323.97 253.64 0.00 0.00 323.97 253.64 0.00 0.00 
325.04 253.96 0.00 0.00 325.04 253.96 0.00 0.00 325.04 253.96 0.00 0.00 325.04 253.96 0.00 0.00 325.04 253.96 0.00 0.00 
326.11 254.28 0.00 0.00 326.11 254.28 0.00 0.00 326.11 254.28 0.00 0.00 326.11 254.28 0.00 0.00 326.11 254.28 0.00 0.00 
327.16 254.61 0.00 0.00 327.16 254.61 0.00 0.00 327.16 254.61 0.00 0.00 327.16 254.61 0.00 0.00 327.16 254.61 0.00 0.00 
328.21 254.94 0.00 0.00 328.21 254.94 0.00 0.00 328.21 254.94 0.00 0.00 328.21 254.94 0.00 0.00 328.21 254.94 0.00 0.00 
329.26 255.29 0.00 0.00 329.26 255.29 0.00 0.00 329.26 255.29 0.00 0.00 329.26 255.29 0.00 0.00 329.26 255.29 0.00 0.00 
330.29 255.64 0.00 0.00 330.29 255.64 0.00 0.00 330.29 255.64 0.00 0.00 330.29 255.64 0.00 0.00 330.29 255.64 0.00 0.00 
331.32 256.01 0.00 0.00 331.32 256.01 0.00 0.00 331.32 256.01 0.00 0.00 331.32 256.01 0.00 0.00 331.32 256.01 0.00 0.00 
332.34 256.38 0.00 0.00 332.34 256.38 0.00 0.00 332.34 256.38 0.00 0.00 332.34 256.38 0.00 0.00 332.34 256.38 0.00 0.00 
333.35 256.76 0.00 0.00 333.35 256.76 0.00 0.00 333.35 256.76 0.00 0.00 333.35 256.76 0.00 0.00 333.35 256.76 0.00 0.00 
334.36 257.15 0.00 0.00 334.36 257.15 0.00 0.00 334.36 257.15 0.00 0.00 334.36 257.15 0.00 0.00 334.36 257.15 0.00 0.00 
335.35 257.54 0.00 0.00 335.35 257.54 0.00 0.00 335.35 257.54 0.00 0.00 335.35 257.54 0.00 0.00 335.35 257.54 0.00 0.00 
336.34 257.95 0.00 0.00 336.34 257.95 0.00 0.00 336.34 257.95 0.00 0.00 336.34 257.95 0.00 0.00 336.34 257.95 0.00 0.00 
337.32 258.36 0.00 0.00 337.32 258.36 0.00 0.00 337.32 258.36 0.00 0.00 337.32 258.36 0.00 0.00 337.32 258.36 0.00 0.00 
338.29 258.79 0.00 0.00 338.29 258.79 0.00 0.00 338.29 258.79 0.00 0.00 338.29 258.79 0.00 0.00 338.29 258.79 0.00 0.00 
339.26 259.22 0.00 0.00 339.26 259.22 0.00 0.00 339.26 259.22 0.00 0.00 339.26 259.22 0.00 0.00 339.26 259.22 0.00 0.00 
340.21 259.66 0.00 0.00 340.21 259.66 0.00 0.00 340.21 259.66 0.00 0.00 340.21 259.66 0.00 0.00 340.21 259.66 0.00 0.00 
341.16 260.11 0.00 0.00 341.16 260.11 0.00 0.00 341.16 260.11 0.00 0.00 341.16 260.11 0.00 0.00 341.16 260.11 0.00 0.00 
342.09 260.57 0.00 0.00 342.09 260.57 0.00 0.00 342.09 260.57 0.00 0.00 342.09 260.57 0.00 0.00 342.09 260.57 0.00 0.00 
343.02 261.04 0.00 0.00 343.02 261.04 0.00 0.00 343.02 261.04 0.00 0.00 343.02 261.04 0.00 0.00 343.02 261.04 0.00 0.00 
343.94 261.52 0.00 0.00 343.94 261.52 0.00 0.00 343.94 261.52 0.00 0.00 343.94 261.52 0.00 0.00 343.94 261.52 0.00 0.00 
344.85 262.01 0.00 0.00 344.85 262.01 0.00 0.00 344.85 262.01 0.00 0.00 344.85 262.01 0.00 0.00 344.85 262.01 0.00 0.00 
345.76 262.50 0.00 0.00 345.76 262.50 0.00 0.00 345.76 262.50 0.00 0.00 345.76 262.50 0.00 0.00 345.76 262.50 0.00 0.00 
346.65 263.01 0.00 0.00 346.65 263.01 0.00 0.00 346.65 263.01 0.00 0.00 346.65 263.01 0.00 0.00 346.65 263.01 0.00 0.00 
347.53 263.53 0.00 0.00 347.53 263.53 0.00 0.00 347.53 263.53 0.00 0.00 347.53 263.53 0.00 0.00 347.53 263.53 0.00 0.00 
348.41 264.05 0.00 0.00 348.41 264.05 0.00 0.00 348.41 264.05 0.00 0.00 348.41 264.05 0.00 0.00 348.41 264.05 0.00 0.00 
349.28 264.59 0.00 0.00 349.28 264.59 0.00 0.00 349.28 264.59 0.00 0.00 349.28 264.59 0.00 0.00 349.28 264.59 0.00 0.00 
350.13 265.14 0.00 0.00 350.13 265.14 0.00 0.00 350.13 265.14 0.00 0.00 350.13 265.14 0.00 0.00 350.13 265.14 0.00 0.00 
350.98 265.69 0.00 0.00 350.98 265.69 0.00 0.00 350.98 265.69 0.00 0.00 350.98 265.69 0.00 0.00 350.98 265.69 0.00 0.00 
351.82 266.26 0.00 0.00 351.82 266.26 0.00 0.00 351.82 266.26 0.00 0.00 351.82 266.26 0.00 0.00 351.82 266.26 0.00 0.00 
352.65 266.83 0.00 0.00 352.65 266.83 0.00 0.00 352.65 266.83 0.00 0.00 352.65 266.83 0.00 0.00 352.65 266.83 0.00 0.00 
353.47 267.42 0.00 0.00 353.47 267.42 0.00 0.00 353.47 267.42 0.00 0.00 353.47 267.42 0.00 0.00 353.47 267.42 0.00 0.00 
354.29 268.01 0.00 0.00 354.29 268.01 0.00 0.00 354.29 268.01 0.00 0.00 354.29 268.01 0.00 0.00 354.29 268.01 0.00 0.00 
355.09 268.62 0.00 0.00 355.09 268.62 0.00 0.00 355.09 268.62 0.00 0.00 355.09 268.62 0.00 0.00 355.09 268.62 0.00 0.00 
355.88 269.23 0.00 0.00 355.88 269.23 0.00 0.00 355.88 269.23 0.00 0.00 355.88 269.23 0.00 0.00 355.88 269.23 0.00 0.00 
356.67 269.86 0.00 0.00 356.67 269.86 0.00 0.00 356.67 269.86 0.00 0.00 356.67 269.86 0.00 0.00 356.67 269.86 0.00 0.00 
357.44 270.49 0.00 0.00 357.44 270.49 0.00 0.00 357.44 270.49 0.00 0.00 357.44 270.49 0.00 0.00 357.44 270.49 0.00 0.00 
358.21 271.14 0.00 0.00 358.21 271.14 0.00 0.00 358.21 271.14 0.00 0.00 358.21 271.14 0.00 0.00 358.21 271.14 0.00 0.00 
358.96 271.79 0.00 0.00 358.96 271.79 0.00 0.00 358.96 271.79 0.00 0.00 358.96 271.79 0.00 0.00 358.96 271.79 0.00 0.00 
359.71 272.46 0.00 0.00 359.71 272.46 0.00 0.00 359.71 272.46 0.00 0.00 359.71 272.46 0.00 0.00 359.71 272.46 0.00 0.00 
360.45 273.13 0.00 0.00 360.45 273.13 0.00 0.00 360.45 273.13 0.00 0.00 360.45 273.13 0.00 0.00 360.45 273.13 0.00 0.00 
361.18 273.82 0.00 0.00 361.18 273.82 0.00 0.00 361.18 273.82 0.00 0.00 361.18 273.82 0.00 0.00 361.18 273.82 0.00 0.00 
361.89 274.52 0.00 0.00 361.89 274.52 0.00 0.00 361.89 274.52 0.00 0.00 361.89 274.52 0.00 0.00 361.89 274.52 0.00 0.00 
362.60 275.22 0.00 0.00 362.60 275.22 0.00 0.00 362.60 275.22 0.00 0.00 362.60 275.22 0.00 0.00 362.60 275.22 0.00 0.00 
363.30 275.94 0.00 0.00 363.30 275.94 0.00 0.00 363.30 275.94 0.00 0.00 363.30 275.94 0.00 0.00 363.30 275.94 0.00 0.00 
364.00 276.66 0.00 0.00 364.00 276.66 0.00 0.00 364.00 276.66 0.00 0.00 364.00 276.66 0.00 0.00 364.00 276.66 0.00 0.00 
364.68 277.40 0.00 0.00 364.68 277.40 0.00 0.00 364.68 277.40 0.00 0.00 364.68 277.40 0.00 0.00 364.68 277.40 0.00 0.00 
365.35 278.14 0.00 0.00 365.35 278.14 0.00 0.00 365.35 278.14 0.00 0.00 365.35 278.14 0.00 0.00 365.35 278.14 0.00 0.00 
366.01 278.90 0.00 0.00 366.01 278.90 0.00 0.00 366.01 278.90 0.00 0.00 366.01 278.90 0.00 0.00 366.01 278.90 0.00 0.00 
366.67 279.66 0.00 0.00 366.67 279.66 0.00 0.00 366.67 279.66 0.00 0.00 366.67 279.66 0.00 0.00 366.67 279.66 0.00 0.00 
367.31 280.44 0.00 0.00 367.31 280.44 0.00 0.00 367.31 280.44 0.00 0.00 367.31 280.44 0.00 0.00 367.31 280.44 0.00 0.00 
367.95 281.22 0.00 0.00 367.95 281.22 0.00 0.00 367.95 281.22 0.00 0.00 367.95 281.22 0.00 0.00 367.95 281.22 0.00 0.00 
368.57 282.02 0.00 0.00 368.57 282.02 0.00 0.00 368.57 282.02 0.00 0.00 368.57 282.02 0.00 0.00 368.57 282.02 0.00 0.00 
369.19 282.82 0.00 0.00 369.19 282.82 0.00 0.00 369.19 282.82 0.00 0.00 369.19 282.82 0.00 0.00 369.19 282.82 0.00 0.00 
369.80 283.64 0.00 0.00 369.80 283.64 0.00 0.00 369.80 283.64 0.00 0.00 369.80 283.64 0.00 0.00 369.80 283.64 0.00 0.00 
370.40 284.46 0.00 0.00 370.40 284.46 0.00 0.00 370.40 284.46 0.00 0.00 370.40 284.46 0.00 0.00 370.40 284.46 0.00 0.00 
370.99 285.30 0.00 0.00 370.99 285.30 0.00 0.00 370.99 285.30 0.00 0.00 370.99 285.30 0.00 0.00 370.99 285.30 0.00 0.00 
371.57 286.14 0.00 0.00 371.57 286.14 0.00 0.00 371.57 286.14 0.00 0.00 371.57 286.14 0.00 0.00 371.57 286.14 0.00 0.00 
372.14 286.99 0.00 0.00 372.14 286.99 0.00 0.00 372.14 286.99 0.00 0.00 372.14 286.99 0.00 0.00 372.14 286.99 0.00 0.00 
372.71 287.86 0.00 0.00 372.71 287.86 0.00 0.00 372.71 287.86 0.00 0.00 372.71 287.86 0.00 0.00 372.71 287.86 0.00 0.00 
373.26 288.73 0.00 0.00 373.26 288.73 0.00 0.00 373.26 288.73 0.00 0.00 373.26 288.73 0.00 0.00 373.26 288.73 0.00 0.00 
373.81 289.61 0.00 0.00 373.81 289.61 0.00 0.00 373.81 289.61 0.00 0.00 373.81 289.61 0.00 0.00 373.81 289.61 0.00 0.00 
374.34 290.50 0.00 0.00 374.34 290.50 0.00 0.00 374.34 290.50 0.00 0.00 374.34 290.50 0.00 0.00 374.34 290.50 0.00 0.00 
374.87 291.40 0.00 0.00 374.87 291.40 0.00 0.00 374.87 291.40 0.00 0.00 374.87 291.40 0.00 0.00 374.87 291.40 0.00 0.00 
375.39 292.31 0.00 0.00 375.39 292.31 0.00 0.00 375.39 292.31 0.00 0.00 375.39 292.31 0.00 0.00 375.39 292.31 0.00 0.00 
375.90 293.23 0.00 0.00 375.90 293.23 0.00 0.00 375.90 293.23 0.00 0.00 375.90 293.23 0.00 0.00 375.90 293.23 0.00 0.00 
376.41 294.16 0.00 0.00 376.41 294.16 0.00 0.00 376.41 294.16 0.00 0.00 376.41 294.16 0.00 0.00 376.41 294.16 0.00 0.00 
376.90 295.10 0.00 0.00 376.90 295.10 0.00 0.00 376.90 295.10 0.00 0.00 376.90 295.10 0.00 0.00 376.90 295.10 0.00 0.00 
377.39 296.04 0.00 0.00 377.39 296.04 0.00 0.00 377.39 296.04 0.00 0.00 377.39 296.04 0.00 0.00 377.39 296.04 0.00 0.00 
377.87 297.00 0.00 0.00 377.87 297.00 0.00 0.00 377.87 297.00 0.00 0.00 377.87 297.00 0.00 0.00 377.87 297.00 0.00 0.00 
378.34 297.96 0.00 0.00 378.34 297.96 0.00 0.00 378.34 297.96 0.00 0.00 378.34 297.96 0.00 0.00 378.34 297.96 0.00 0.00 
378.80 298.93 0.00 0.00 378.80 298.93 0.00 0.00 378.80 298.93 0.00 0.00 378.80 298.93 0.00 0.00 378.80 298.93 0.00 0.00 
379.25 299.92 0.00 0.00 379.25 299.92 0.00 0.00 379.25 299.92 0.00 0.00 379.25 299.92 0.00 0.00 379.25 299.92 0.00 0.00 
379.70 300.90 0.00 0.00 379.70 300.90 0.00 0.00 379.70 300.90 0.00 0.00 379.70 300.90 0.00 0.00 379.70 300.90 0.00 0.00 
380.13 301.90 0.00 0.00 380.13 301.90 0.00 0.00 380.13 301.90 0.00 0.00 380.13 301.90 0.00 0.00 380.13 301.90 0.00 0.00 
380.57 302.91 0.00 0.00 380.57 302.91 0.00 0.00 380.57 302.91 0.00 0.00 380.57 302.91 0.00 0.00 380.57 302.91 0.00 0.00 
380.99 303.92 0.00 0.00 380.99 303.92 0.00 0.00 380.99 303.92 0.00 0.00 380.99 303.92 0.00 0.00 380.99 303.92 0.00 0.00 
381.40 304.95 0.00 0.00 381.40 304.95 0.00 0.00 381.40 304.95 0.00 0.00 381.40 304.95 0.00 0.00 381.40 304.95 0.00 0.00 
381.81 305.98 0.00 0.00 381.81 305.98 0.00 0.00 381.81 305.98 0.00 0.00 381.81 305.98 0.00 0.00 381.81 305.98 0.00 0.00 
382.21 307.02 0.00 0.00 382.21 307.02 0.00 0.00 382.21 307.02 0.00 0.00 382.21 307.02 0.00 0.00 382.21 307.02 0.00 0.00 
382.60 308.06 0.00 0.00 382.60 308.06 0.00 0.00 382.60 308.06 0.00 0.00 382.60 308.06 0.00 0.00 382.60 308.06 0.00 0.00 
382.99 309.12 0.00 0.00 382.99 309.12 0.00 0.00 382.99 309.12 0.00 0.00 382.99 309.12 0.00 0.00 382.99 309.12 0.00 0.00 
383.37 310.18 0.00 0.00 383.37 310.18 0.00 0.00 383.37 310.18 0.00 0.00 383.37 310.18 0.00 0.00 383.37 310.18 0.00 0.00 
383.74 311.25 0.00 0.00 383.74 311.25 0.00 0.00 383.74 311.25 0.00 0.00 383.74 311.25 0.00 0.00 383.74 311.25 0.00 0.00 
384.11 312.32 0.00 0.00 384.11 312.32 0.00 0.00 384.11 312.32 0.00 0.00 384.11 312.32 0.00 0.00 384.11 312.32 0.00 0.00 
384.46 313.41 0.00 0.00 384.46 313.41 0.00 0.00 384.46 313.41 0.00 0.00 384.46 313.41 0.00 0.00 384.46 313.41 0.00 0.00 
384.82 314.50 0.00 0.00 384.82 314.50 0.00 0.00 384.82 314.50 0.00 0.00 384.82 314.50 0.00 0.00 384.82 314.50 0.00 0.00 
385.16 315.60 0.00 0.00 385.16 315.60 0.00 0.00 385.16 315.60 0.00 0.00 385.16 315.60 0.00 0.00 385.16 315.60 0.00 0.00 
385.50 316.70 0.00 0.00 385.50 316.70 0.00 0.00 385.50 316.70 0.00 0.00 385.50 316.70 0.00 0.00 385.50 316.70 0.00 0.00 
385.83 317.81 0.00 0.00 385.83 317.81 0.00 0.00 385.83 317.81 0.00 0.00 385.83 317.81 0.00 0.00 385.83 317.81 0.00 0.00 
386.16 318.93 0.00 0.00 386.16 318.93 0.00 0.00 386.16 318.93 0.00 0.00 386.16 318.93 0.00 0.00 386.16 318.93 0.00 0.00 
386.48 320.05 0.00 0.00 386.48 320.05 0.00 0.00 386.48 320.05 0.00 0.00 386.48 320.05 0.00 0.00 386.48 320.05 0.00 0.00 
386.80 321.19 0.00 0.00 386.80 321.19 0.00 0.00 386.80 321.19 0.00 0.00 386.80 321.19 0.00 0.00 386.80 321.19 0.00 0.00 
387.11 322.32 0.00 0.00 387.11 322.32 0.00 0.00 387.11 322.32 0.00 0.00 387.11 322.32 0.00 0.00 387.11 322.32 0.00 0.00 
387.41 323.47 0.00 0.00 387.41 323.47 0.00 0.00 387.41 323.47 0.00 0.00 387.41 323.47 0.00 0.00 387.41 323.47 0.00 0.00 
387.71 324.61 0.00 0.00 387.71 324.61 0.00 0.00 387.71 324.61 0.00 0.00 387.71 324.61 0.00 0.00 387.71 324.61 0.00 0.00 
388.00 325.77 0.00 0.00 388.00 325.77 0.00 0.00 388.00 325.77 0.00 0.00 388.00 325.77 0.00 0.00 388.00 325.77 0.00 0.00 
388.29 326.93 0.00 0.00 388.29 326.93 0.00 0.00 388.29 326.93 0.00 0.00 388.29 326.93 0.00 0.00 388.29 326.93 0.00 0.00 
388.57 328.10 0.00 0.00 388.57 328.10 0.00 0.00 388.57 328.10 0.00 0.00 388.57 328.10 0.00 0.00 388.57 328.10 0.00 0.00 
388.85 329.27 0.00 0.00 388.85 329.27 0.00 0.00 388.85 329.27 0.00 0.00 388.85 329.27 0.00 0.00 388.85 329.27 0.00 0.00 
389.12 330.44 0.00 0.00 389.12 330.44 0.00 0.00 389.12 330.44 0.00 0.00 389.12 330.44 0.00 0.00 389.12 330.44 0.00 0.00 
389.39 331.62 0.00 0.00 389.39 331.62 0.00 0.00 389.39 331.62 0.00 0.00 389.39 331.62 0.00 0.00 389.39 331.62 0.00 0.00 
389.65 332.81 0.00 0.00 389.65 332.81 0.00 0.00 389.65 332.81 0.00 0.00 389.65 332.81 0.00 0.00 389.65 332.81 0.00 0.00 
389.91 334.00 0.00 0.00 389.91 334.00 0.00 0.00 389.91 334.00 0.00 0.00 389.91 334.00 0.00 0.00 389.91 334.00 0.00 0.00 
390.16 335.20 0.00 0.00 390.16 335.20 0.00 0.00 390.16 335.20 0.00 0.00 390.16 335.20 0.00 0.00 390.16 335.20 0.00 0.00 
390.42 336.40 0.00 0.00 390.42 336.40 0.00 0.00 390.42 336.40 0.00 0.00 390.42 336.40 0.00 0.00 390.42 336.40 0.00 0.00 
390.66 337.60 0.00 0.00 390.66 337.60 0.00 0.00 390.66 337.60 0.00 0.00 390.66 337.60 0.00 0.00 390.66 337.60 0.00 0.00 
390.91 338.81 0.00 0.00 390.91 338.81 0.00 0.00 390.91 338.81 0.00 0.00 390.91 338.81 0.00 0.00 390.91 338.81 0.00 0.00 
391.14 340.02 0.00 0.00 391.14 340.02 0.00 0.00 391.14 340.02 0.00 0.00 391.14 340.02 0.00 0.00 391.14 340.02 0.00 0.00 
391.38 341.24 0.00 0.00 391.38 341.24 0.00 0.00 391.38 341.24 0.00 0.00 391.38 341.24 0.00 0.00 391.38 341.24 0.00 0.00 
391.61 342.46 0.00 0.00 391.61 342.46 0.00 0.00 391.61 342.46 0.00 0.00 391.61 342.46 0.00 0.00 391.61 342.46 0.00 0.00 
391.84 343.68 0.00 0.00 391.84 343.68 0.00 0.00 391.84 343.68 0.00 0.00 391.84 343.68 0.00 0.00 391.84 343.68 0.00 0.00 
392.07 344.90 0.00 0.00 392.07 344.90 0.00 0.00 392.07 344.90 0.00 0.00 392.07 344.90 0.00 0.00 392.07 344.90 0.00 0.00 
392.29 346.13 0.00 0.00 392.29 346.13 0.00 0.00 392.29 346.13 0.00 0.00 392.29 346.13 0.00 0.00 392.29 346.13 0.00 0.00 
392.51 347.37 0.00 0.00 392.51 347.37 0.00 0.00 392.51 347.37 0.00 0.00 392.51 347.37 0.00 0.00 392.51 347.37 0.00 0.00 
392.73 348.60 0.00 0.00 392.73 348.60 0.00 0.00 392.73 348.60 0.00 0.00 392.73 348.60 0.00 0.00 392.73 348.60 0.00 0.00 
392.95 349.84 0.00 0.00 392.95 349.84 0.00 0.00 392.95 349.84 0.00 0.00 392.95 349.84 0.00 0.00 392.95 349.84 0.00 0.00 
393.16 351.08 0.00 0.00 393.16 351.08 0.00 0.00 393.16 351.08 0.00 0.00 393.16 351.08 0.00 0.00 393.16 351.08 0.00 0.00 
393.37 352.32 0.00 0.00 393.37 352.32 0.00 0.00 393.37 352.32 0.00 0.00 393.37 352.32 0.00 0.00 393.37 352.32 0.00 0.00 
393.58 353.57 0.00 0.00 393.58 353.57 0.00 0.00 393.58 353.57 0.00 0.00 393.58 353.57 0.00 0.00 393.58 353.57 0.00 0.00 
393.79 354.81 0.00 0.00 393.79 354.81 0.00 0.00 393.79 354.81 0.00 0.00 393.79 354.81 0.00 0.00 393.79 354.81 0.00 0.00 
393.99 356.06 0.00 0.00 393.99 356.06 0.00 0.00 393.99 356.06 0.00 0.00 393.99 356.06 0.00 0.00 393.99 356.06 0.00 0.00 
394.20 357.31 0.00 0.00 394.20 357.31 0.00 0.00 394.20 357.31 0.00 0.00 394.20 357.31 0.00 0.00 394.20 357.31 0.00 0.00 
394.40 358.56 0.00 0.00 394.40 358.56 0.00 0.00 394.40 358.56 0.00 0.00 394.40 358.56 0.00 0.00 394.40 358.56 0.00 0.00 
394.60 359.81 0.00 0.00 394.60 359.81 0.00 0.00 394.60 359.81 0.00 0.00 394.60 359.81 0.00 0.00 394.60 359.81 0.00 0.00 
394.81 361.07 0.00 0.00 394.81 361.07 0.00 0.00 394.81 361.07 0.00 0.00 394.81 361.07 0.00 0.00 394.81 361.07 0.00 0.00 
395.01 362.32 0.00 0.00 395.01 362.32 0.00 0.00 395.01 362.32 0.00 0.00 395.01 362.32 0.00 0.00 395.01 362.32 0.00 0.00 
395.21 363.58 0.00 0.00 395.21 363.58 0.00 0.00 395.21 363.58 0.00 0.00 395.21 363.58 0.00 0.00 395.21 363.58 0.00 0.00 
395.41 364.83 0.00 0.00 395.41 364.83 0.00 0.00 395.41 364.83 0.00 0.00 395.41 364.83 0.00 0.00 395.41 364.83 0.00 0.00 
395.60 366.09 0.00 0.00 395.60 366.09 0.00 0.00 395.60 366.09 0.00 0.00 395.60 366.09 0.00 0.00 395.60 366.09 0.00 0.00 
395.80 367.34 0.00 0.00 395.80 367.34 0.00 0.00 395.80 367.34 0.00 0.00 395.80 367.34 0.00 0.00 395.80 367.34 0.00 0.00 
396.00 368.60 0.00 0.00 396.00 368.60 0.00 0.00 396.00 368.60 0.00 0.00 396.00 368.60 0.00 0.00 396.00 368.60 0.00 0.00 
396.20 369.85 0.00 0.00 396.20 369.85 0.00 0.00 396.20 369.85 0.00 0.00 396.20 369.85 0.00 0.00 396.20 369.85 0.00 0.00 
396.40 371.11 0.00 0.00 396.40 371.11 0.00 0.00 396.40 371.11 0.00 0.00 396.40 371.11 0.00 0.00 396.40 371.11 0.00 0.00 
396.60 372.36 0.00 0.00 396.60 372.36 0.00 0.00 396.60 372.36 0.00 0.00 396.60 372.36 0.00 0.00 396.60 372.36 0.00 0.00 
396.80 373.62 0.00 0.00 396.80 373.62 0.00 0.00 396.80 373.62 0.00 0.00 396.80 373.62 0.00 0.00 396.80 373.62 0.00 0.00 
397.00 374.87 0.00 0.00 397.00 374.87 0.00 0.00 397.00 374.87 0.00 0.00 397.00 374.87 0.00 0.00 397.00 374.87 0.00 0.00 
397.20 376.12 0.00 0.00 397.20 376.12 0.00 0.00 397.20 376.12 0.00 0.00 397.20 376.12 0.00 0.00 397.20 376.12 0.00 0.00 
397.41 377.37 0.00 0.00 397.41 377.37 0.00 0.00 397.41 377.37 0.00 0.00 397.41 377.37 0.00 0.00 397.41 377.37 0.00 0.00 
397.61 378.62 0.00 0.00 397.61 378.62 0.00 0.00 397.61 378.62 0.00 0.00 397.61 378.62 0.00 0.00 397.61 378.62 0.00 0.00 
397.82 379.87 0.00 0.00 397.82 379.87 0.00 0.00 397.82 379.87 0.00 0.00 397.82 379.87 0.00 0.00 397.82 379.87 0.00 0.00 
398.02 381.12 0.00 0.00 398.02 381.12 0.00 0.00 398.02 381.12 0.00 0.00 398.02 381.12 0.00 0.00 398.02 381.12 0.00 0.00 
398.23 382.36 0.00 0.00 398.23 382.36 0.00 0.00 398.23 382.36 0.00 0.00 398.23 382.36 0.00 0.00 398.23 382.36 0.00 0.00 
398.45 383.61 0.00 0.00 398.45 383.61 0.00 0.00 398.45 383.61 0.00 0.00 398.45 383.61 0.00 0.00 398.45 383.61 0.00 0.00 
398.66 384.85 0.00 0.00 398.66 384.85 0.00 0.00 398.66 384.85 0.00 0.00 398.66 384.85 0.00 0.00 398.66 384.85 0.00 0.00 
398.87 386.08 0.00 0.00 398.87 386.08 0.00 0.00 398.87 386.08 0.00 0.00 398.87 386.08 0.00 0.00 398.87 386.08 0.00 0.00 
399.09 387.32 0.00 0.00 399.09 387.32 0.00 0.00 399.09 387.32 0.00 0.00 399.09 387.32 0.00 0.00 399.09 387.32 0.00 0.00 
399.31 388.55 0.00 0.00 399.31 388.55 0.00 0.00 399.31 388.55 0.00 0.00 399.31 388.55 0.00 0.00 399.31 388.55 0.00 0.00 
399.54 389.78 0.00 0.00 399.54 389.78 0.00 0.00 399.54 389.78 0.00 0.00 399.54 389.78 0.00 0.00 399.54 389.78 0.00 0.00 
399.76 391.01 0.00 0.00 399.76 391.01 0.00 0.00 399.76 391.01 0.00 0.00 399.76 391.01 0.00 0.00 399.76 391.01 0.00 0.00 
399.99 392.23 0.00 0.00 399.99 392.23 0.00 0.00 399.99 392.23 0.00 0.00 399.99 392.23 0.00 0.00 399.99 392.23 0.00 0.00 
400.22 393.45 0.00 0.00 400.22 393.45 0.00 0.00 400.22 393.45 0.00 0.00 400.22 393.45 0.00 0.00 400.22 393.45 0.00 0.00 
400.46 394.66 0.00 0.00 400.46 394.66 0.00 0.00 400.46 394.66 0.00 0.00 400.46 394.66 0.00 0.00 400.46 394.66 0.00 0.00 
400.70 395.88 0.00 0.00 400.70 395.88 0.00 0.00 400.70 395.88 0.00 0.00 400.70 395.88 0.00 0.00 400.70 395.88 0.00 0.00 
400.94 397.08 0.00 0.00 400.94 397.08 0.00 0.00 400.94 397.08 0.00 0.00 400.94 397.08 0.00 0.00 400.94 397.08 0.00 0.00 
401.19 398.29 0.00 0.00 401.19 398.29 0.00 0.00 401.19 398.29 0.00 0.00 401.19 398.29 0.00 0.00 401.19 398.29 0.00 0.00 
401.44 399.49 0.00 0.00 401.44 399.49 0.00 0.00 401.44 399.49 0.00 0.00 401.44 399.49 0.00 0.00 401.44 399.49 0.00 0.00 
401.70 400.68 0.00 0.00 401.70 400.68 0.00 0.00 401.70 400.68 0.00 0.00 401.70 400.68 0.00 0.00 401.70 400.68 0.00 0.00 
401.95 401.87 0.00 0.00 401.95 401.87 0.00 0.00 401.95 401.87 0.00 0.00 401.95 401.87 0.00 0.00 401.95 401.87 0.00 0.00 
402.22 403.06 0.00 0.00 402.22 403.06 0.00 0.00 402.22 403.06 0.00 0.00 402.22 403.06 0.00 0.00 402.22 403.06 0.00 0.00 
402.49 404.24 0.00 0.00 402.49 404.24 0.00 0.00 402.49 404.24 0.00 0.00 402.49 404.24 0.00 0.00 402.49 404.24 0.00 0.00 
402.76 405.42 0.00 0.00 402.76 405.42 0.00 0.00 402.76 405.42 0.00 0.00 402.76 405.42 0.00 0.00 402.76 405.42 0.00 0.00 
403.04 406.59 0.00 0.00 403.04 406.59 0.00 0.00 403.04 406.59 0.00 0.00 403.04 406.59 0.00 0.00 403.04 406.59 0.00 0.00 
403.32 407.75 0.00 0.00 403.32 407.75 0.00 0.00 403.32 407.75 0.00 0.00 403.32 407.75 0.00 0.00 403.32 407.75 0.00 0.00 
403.61 408.92 0.00 0.00 403.61 408.92 0.00 0.00 403.61 408.92 0.00 0.00 403.61 408.92 0.00 0.00 403.61 408.92 0.00 0.00 
403.90 410.07 0.00 0.00 403.90 410.07 0.00 0.00 403.90 410.07 0.00 0.00 403.90 410.07 0.00 0.00 403.90 410.07 0.00 0.00 
404.20 411.22 0.00 0.00 404.20 411.22 0.00 0.00 404.20 411.22 0.00 0.00 404.20 411.22 0.00 0.00 404.20 411.22 0.00 0.00 
404.50 412.36 0.00 0.00 404.50 412.36 0.00 0.00 404.50 412.36 0.00 0.00 404.50 412.36 0.00 0.00 404.50 412.36 0.00 0.00 
404.81 413.50 0.00 0.00 404.81 413.50 0.00 0.00 404.81 413.50 0.00 0.00 404.81 413.50 0.00 0.00 404.81 413.50 0.00 0.00 
405.12 414.63 0.00 0.00 405.12 414.63 0.00 0.00 405.12 414.63 0.00 0.00 405.12 414.63 0.00 0.00 405.12 414.63 0.00 0.00 
405.44 415.75 0.00 0.00 405.44 415.75 0.00 0.00 405.44 415.75 0.00 0.00 405.44 415.75 0.00 0.00 405.44 415.75 0.00 0.00 
405.77 416.87 0.00 0.00 405.77 416.87 0.00 0.00 405.77 416.87 0.00 0.00 405.77 416.87 0.00 0.00 405.77 416.87 0.00 0.00 
406.10 417.98 0.00 0.00 406.10 417.98 0.00 0.00 406.10 417.98 0.00 0.00 406.10 417.98 0.00 0.00 406.10 417.98 0.00 0.00 
406.44 419.09 0.00 0.00 406.44 419.09 0.00 0.00 406.44 419.09 0.00 0.00 406.44 419.09 0.00 0.00 406.44 419.09 0.00 0.00 
406.79 420.19 0.00 0.00 406.79 420.19 0.00 0.00 406.79 420.19 0.00 0.00 406.79 420.19 0.00 0.00 406.79 420.19 0.00 0.00 
407.14 421.28 0.00 0.00 407.14 421.28 0.00 0.00 407.14 421.28 0.00 0.00 407.14 421.28 0.00 0.00 407.14 421.28 0.00 0.00 
407.50 422.36 0.00 0.00 407.50 422.36 0.00 0.00 407.50 422.36 0.00 0.00 407.50 422.36 0.00 0.00 407.50 422.36 0.00 0.00 
407.86 423.44 0.00 0.00 407.86 423.44 0.00 0.00 407.86 423.44 0.00 0.00 407.86 423.44 0.00 0.00 407.86 423.44 0.00 0.00 
408.24 424.51 0.00 0.00 408.24 424.51 0.00 0.00 408.24 424.51 0.00 0.00 408.24 424.51 0.00 0.00 408.24 424.51 0.00 0.00 
408.62 425.57 0.00 0.00 408.62 425.57 0.00 0.00 408.62 425.57 0.00 0.00 408.62 425.57 0.00 0.00 408.62 425.57 0.00 0.00 
409.00 426.62 0.00 0.00 409.00 426.62 0.00 0.00 409.00 426.62 0.00 0.00 409.00 426.62 0.00 0.00 409.00 426.62 0.00 0.00 
409.39 427.67 0.00 0.00 409.39 427.67 0.00 0.00 409.39 427.67 0.00 0.00 409.39 427.67 0.00 0.00 409.39 427.67 0.00 0.00 
409.79 428.71 0.00 0.00 409.79 428.71 0.00 0.00 409.79 428.71 0.00 0.00 409.79 428.71 0.00 0.00 409.79 428.71 0.00 0.00 
410.20 429.74 0.00 0.00 410.20 429.74 0.00 0.00 410.20 429.74 0.00 0.00 410.20 429.74 0.00 0.00 410.20 429.74 0.00 0.00 
410.62 430.76 0.00 0.00 410.62 430.76 0.00 0.00 410.62 430.76 0.00 0.00 410.62 430.76 0.00 0.00 410.62 430.76 0.00 0.00 
411.04 431.78 0.00 0.00 411.04 431.78 0.00 0.00 411.04 431.78 0.00 0.00 411.04 431.78 0.00 0.00 411.04 431.78 0.00 0.00 
411.47 432.78 0.00 0.00 411.47 432.78 0.00 0.00 411.47 432.78 0.00 0.00 411.47 432.78 0.00 0.00 411.47 432.78 0.00 0.00 
411.91 433.78 0.00 0.00 411.91 433.78 0.00 0.00 411.91 433.78 0.00 0.00 411.91 433.78 0.00 0.00 411.91 433.78 0.00 0.00 
412.35 434.77 0.00 0.00 412.35 434.77 0.00 0.00 412.35 434.77 0.00 0.00 412.35 434.77 0.00 0.00 412.35 434.77 0.00 0.00 
412.81 435.75 0.00 0.00 412.81 435.75 0.00 0.00 412.81 435.75 0.00 0.00 412.81 435.75 0.00 0.00 412.81 435.75 0.00 0.00 
413.27 436.72 0.00 0.00 413.27 436.72 0.00 0.00 413.27 436.72 0.00 0.00 413.27 436.72 0.00 0.00 413.27 436.72 0.00 0.00 
413.74 437.69 0.00 0.00 413.74 437.69 0.00 0.00 413.74 437.69 0.00 0.00 413.74 437.69 0.00 0.00 413.74 437.69 0.00 0.00 
414.22 438.64 0.00 0.00 414.22 438.64 0.00 0.00 414.22 438.64 0.00 0.00 414.22 438.64 0.00 0.00 414.22 438.64 0.00 0.00 
414.70 439.59 0.00 0.00 414.70 439.59 0.00 0.00 414.70 439.59 0.00 0.00 414.70 439.59 0.00 0.00 414.70 439.59 0.00 0.00 
415.20 440.52 0.00 0.00 415.20 440.52 0.00 0.00 415.20 440.52 0.00 0.00 415.20 440.52 0.00 0.00 415.20 440.52 0.00 0.00 
415.70 441.45 0.00 0.00 415.70 441.45 0.00 0.00 415.70 441.45 0.00 0.00 415.70 441.45 0.00 0.00 415.70 441.45 0.00 0.00 
416.21 442.37 0.00 0.00 416.21 442.37 0.00 0.00 416.21 442.37 0.00 0.00 416.21 442.37 0.00 0.00 416.21 442.37 0.00 0.00 
416.73 443.28 0.00 0.00 416.73 443.28 0.00 0.00 416.73 443.28 0.00 0.00 416.73 443.28 0.00 0.00 416.73 443.28 0.00 0.00 
417.26 444.18 0.00 0.00 417.26 444.18 0.00 0.00 417.26 444.18 0.00 0.00 417.26 444.18 0.00 0.00 417.26 444.18 0.00 0.00 
417.80 445.07 0.00 0.00 417.80 445.07 0.00 0.00 417.80 445.07 0.00 0.00 417.80 445.07 0.00 0.00 417.80 445.07 0.00 0.00 
418.34 445.95 0.00 0.00 418.34 445.95 0.00 0.00 418.34 445.95 0.00 0.00 418.34 445.95 0.00 0.00 418.34 445.95 0.00 0.00 
418.90 446.83 0.00 0.00 418.90 446.83 0.00 0.00 418.90 446.83 0.00 0.00 418.90 446.83 0.00 0.00 418.90 446.83 0.00 0.00 
419.46 447.69 0.00 0.00 419.46 447.69 0.00 0.00 419.46 447.69 0.00 0.00 419.46 447.69 0.00 0.00 419.46 447.69 0.00 0.00 
420.04 448.54 0.00 0.00 420.04 448.54 0.00 0.00 420.04 448.54 0.00 0.00 420.04 448.54 0.00 0.00 420.04 448.54 0.00 0.00 
420.62 449.39 0.00 0.00 420.62 449.39 0.00 0.00 420.62 449.39 0.00 0.00 420.62 449.39 0.00 0.00 420.62 449.39 0.00 0.00 
421.21 450.22 0.00 0.00 421.21 450.22 0.00 0.00 421.21 450.22 0.00 0.00 421.21 450.22 0.00 0.00 421.21 450.22 0.00 0.00 
421.81 451.05 0.00 0.00 421.81 451.05 0.00 0.00 421.81 451.05 0.00 0.00 421.81 451.05 0.00 0.00 421.81 451.05 0.00 0.00 
422.41 451.86 0.00 0.00 422.41 451.86 0.00 0.00 422.41 451.86 0.00 0.00 422.41 451.86 0.00 0.00 422.41 451.86 0.00 0.00 
423.03 452.67 0.00 0.00 423.03 452.67 0.00 0.00 423.03 452.67 0.00 0.00 423.03 452.67 0.00 0.00 423.03 452.67 0.00 0.00 
423.66 453.46 0.00 0.00 423.66 453.46 0.00 0.00 423.66 453.46 0.00 0.00 423.66 453.46 0.00 0.00 423.66 453.46 0.00 0.00 
424.29 454.25 0.00 0.00 424.29 454.25 0.00 0.00 424.29 454.25 0.00 0.00 424.29 454.25 0.00 0.00 424.29 454.25 0.00 0.00 
424.94 455.02 0.00 0.00 424.94 455.02 0.00 0.00 424.94 455.02 0.00 0.00 424.94 455.02 0.00 0.00 424.94 455.02 0.00 0.00 
425.59 455.79 0.00 0.00 425.59 455.79 0.00 0.00 425.59 455.79 0.00 0.00 425.59 455.79 0.00 0.00 425.59 455.79 0.00 0.00 
426.26 456.54 0.00 0.00 426.26 456.54 0.00 0.00 426.26 456.54 0.00 0.00 426.26 456.54 0.00 0.00 426.26 456.54 0.00 0.00 
426.93 457.29 0.00 0.00 426.93 457.29 0.00 0.00 426.93 457.29 0.00 0.00 426.93 457.29 0.00 0.00 426.93 457.29 0.00 0.00 
427.61 458.02 0.00 0.00 427.61 458.02 0.00 0.00 427.61 458.02 0.00 0.00 427.61 458.02 0.00 0.00 427.61 458.02 0.00 0.00 
428.30 458.75 0.00 0.00 428.30 458.75 0.00 0.00 428.30 458.75 0.00 0.00 428.30 458.75 0.00 0.00 428.30 458.75 0.00 0.00 
429.00 459.46 0.00 0.00 429.00 459.46 0.00 0.00 429.00 459.46 0.00 0.00 429.00 459.46 0.00 0.00 429.00 459.46 0.00 0.00 
429.71 460.17 0.00 0.00 429.71 460.17 0.00 0.00 429.71 460.17 0.00 0.00 429.71 460.17 0.00 0.00 429.71 460.17 0.00 0.00 
430.43 460.86 0.00 0.00 430.43 460.86 0.00 0.00 430.43 460.86 0.00 0.00 430.43 460.86 0.00 0.00 430.43 460.86 0.00 0.00 
431.16 461.55 0.00 0.00 431.16 461.55 0.00 0.00 431.16 461.55 0.00 0.00 431.16 461.55 0.00 0.00 431.16 461.55 0.00 0.00 
431.90 462.22 0.00 0.00 431.90 462.22 0.00 0.00 431.90 462.22 0.00 0.00 431.90 462.22 0.00 0.00 431.90 462.22 0.00 0.00 
432.64 462.89 0.00 0.00 432.64 462.89 0.00 0.00 432.64 462.89 0.00 0.00 432.64 462.89 0.00 0.00 432.64 462.89 0.00 0.00 
433.40 463.54 0.00 0.00 433.40 463.54 0.00 0.00 433.40 463.54 0.00 0.00 433.40 463.54 0.00 0.00 433.40 463.54 0.00 0.00 
434.16 464.19 0.00 0.00 434.16 464.19 0.00 0.00 434.16 464.19 0.00 0.00 434.16 464.19 0.00 0.00 434.16 464.19 0.00 0.00 
434.94 464.83 0.00 0.00 434.94 464.83 0.00 0.00 434.94 464.83 0.00 0.00 434.94 464.83 0.00 0.00 434.94 464.83 0.00 0.00 
435.72 465.45 0.00 0.00 435.72 465.45 0.00 0.00 435.72 465.45 0.00 0.00 435.72 465.45 0.00 0.00 435.72 465.45 0.00 0.00 
436.52 466.07 0.00 0.00 436.52 466.07 0.00 0.00 436.52 466.07 0.00 0.00 436.52 466.07 0.00 0.00 436.52 466.07 0.00 0.00 
437.32 466.67 0.00 0.00 437.32 466.67 0.00 0.00 437.32 466.67 0.00 0.00 437.32 466.67 0.00 0.00 437.32 466.67 0.00 0.00 
438.13 467.27 0.00 0.00 438.13 467.27 0.00 0.00 438.13 467.27 0.00 0.00 438.13 467.27 0.00 0.00 438.13 467.27 0.00 0.00 
438.95 467.85 0.00 0.00 438.95 467.85 0.00 0.00 438.95 467.85 0.00 0.00 438.95 467.85 0.00 0.00 438.95 467.85 0.00 0.00 
439.78 468.43 0.00 0.00 439.78 468.43 0.00 0.00 439.78 468.43 0.00 0.00 439.78 468.43 0.00 0.00 439.78 468.43 0.00 0.00 
440.62 468.99 0.00 0.00 440.62 468.99 0.00 0.00 440.62 468.99 0.00 0.00 440.62 468.99 0.00 0.00 440.62 468.99 0.00 0.00 
441.47 469.55 0.00 0.00 441.47 469.55 0.00 0.00 441.47 469.55 0.00 0.00 441.47 469.55 0.00 0.00 441.47 469.55 0.00 0.00 
442.33 470.09 0.00 0.00 442.33 470.09 0.00 0.00 442.33 470.09 0.00 0.00 442.33 470.09 0.00 0.00 442.33 470.09 0.00 0.00 
443.20 470.63 0.00 0.00 443.20 470.63 0.00 0.00 443.20 470.63 0.00 0.00 443.20 470.63 0.00 0.00 443.20 470.63 0.00 0.00 
444.07 471.16 0.00 0.00 444.07 471.16 0.00 0.00 444.07 471.16 0.00 0.00 444.07 471.16 0.00 0.00 444.07 471.16 0.00 0.00 
444.96 471.67 0.00 0.00 444.96 471.67 0.00 0.00 444.96 471.67 0.00 0.00 444.96 471.67 0.00 0.00 444.96 471.67 0.00 0.00 
445.85 472.18 0.00 0.00 445.85 472.18 0.00 0.00 445.85 472.18 0.00 0.00 445.85 472.18 0.00 0.00 445.85 472.18 0.00 0.00 
446.75 472.68 0.00 0.00 446.75 472.68 0.00 0.00 446.75 472.68 0.00 0.00 446.75 472.68 0.00 0.00 446.75 472.68 0.00 0.00 
447.66 473.17 0.00 0.00 447.66 473.17 0.00 0.00 447.66 473.17 0.00 0.00 447.66 473.17 0.00 0.00 447.66 473.17 0.00 0.00 
448.58 473.64 0.00 0.00 448.58 473.64 0.00 0.00 448.58 473.64 0.00 0.00 448.58 473.64 0.00 0.00 448.58 473.64 0.00 0.00 
449.51 474.11 0.00 0.00 449.51 474.11 0.00 0.00 449.51 474.11 0.00 0.00 449.51 474.11 0.00 0.00 449.51 474.11 0.00 0.00 
450.45 474.57 0.00 0.00 450.45 474.57 0.00 0.00 450.45 474.57 0.00 0.00 450.45 474.57 0.00 0.00 450.45 474.57 0.00 0.00 
451.40 475.02 0.00 0.00 451.40 475.02 0.00 0.00 451.40 475.02 0.00 0.00 451.40 475.02 0.00 0.00 451.40 475.02 0.00 0.00 
452.35 475.47 0.00 0.00 452.35 475.47 0.00 0.00 452.35 475.47 0.00 0.00 452.35 475.47 0.00 0.00 452.35 475.47 0.00 0.00 
453.31 475.90 0.00 0.00 453.31 475.90 0.00 0.00 453.31 475.90 0.00 0.00 453.31 475.90 0.00 0.00 453.31 475.90 0.00 0.00 
454.28 476.32 0.00 0.00 454.28 476.32 0.00 0.00 454.28 476.32 0.00 0.00 454.28 476.32 0.00 0.00 454.28 476.32 0.00 0.00 
455.26 476.74 0.00 0.00 455.26 476.74 0.00 0.00 455.26 476.74 0.00 0.00 455.26 476.74 0.00 0.00 455.26 476.74 0.00 0.00 
456.25 477.14 0.00 0.00 456.25 477.14 0.00 0.00 456.25 477.14 0.00 0.00 456.25 477.14 0.00 0.00 456.25 477.14 0.00 0.00 
457.25 477.54 0.00 0.00 457.25 477.54 0.00 0.00 457.25 477.54 0.00 0.00 457.25 477.54 0.00 0.00 457.25 477.54 0.00 0.00 
458.25 477.93 0.00 0.00 458.25 477.93 0.00 0.00 458.25 477.93 0.00 0.00 458.25 477.93 0.00 0.00 458.25 477.93 0.00 0.00 
459.26 478.31 0.00 0.00 459.26 478.31 0.00 0.00 459.26 478.31 0.00 0.00 459.26 478.31 0.00 0.00 459.26 478.31 0.00 0.00 
460.28 478.68 0.00 0.00 460.28 478.68 0.00 0.00 460.28 478.68 0.00 0.00 460.28 478.68 0.00 0.00 460.28 478.68 0.00 0.00 
461.31 479.04 0.00 0.00 461.31 479.04 0.00 0.00 461.31 479.04 0.00 0.00 461.31 479.04 0.00 0.00 461.31 479.04 0.00 0.00 
462.35 479.39 0.00 0.00 462.35 479.39 0.00 0.00 462.35 479.39 0.00 0.00 462.35 479.39 0.00 0.00 462.35 479.39 0.00 0.00 
463.39 479.74 0.00 0.00 463.39 479.74 0.00 0.00 463.39 479.74 0.00 0.00 463.39 479.74 0.00 0.00 463.39 479.74 0.00 0.00 
464.44 480.08 0.00 0.00 464.44 480.08 0.00 0.00 464.44 480.08 0.00 0.00 464.44 480.08 0.00 0.00 464.44 480.08 0.00 0.00 
465.50 480.41 0.00 0.00 465.50 480.41 0.00 0.00 465.50 480.41 0.00 0.00 465.50 480.41 0.00 0.00 465.50 480.41 0.00 0.00 
466.57 480.73 0.00 0.00 466.57 480.73 0.00 0.00 466.57 480.73 0.00 0.00 466.57 480.73 0.00 0.00 466.57 480.73 0.00 0.00 
467.64 481.04 0.00 0.00 467.64 481.04 0.00 0.00 467.64 481.04 0.00 0.00 467.64 481.04 0.00 0.00 467.64 481.04 0.00 0.00 
468.72 481.35 0.00 0.00 468.72 481.35 0.00 0.00 468.72 481.35 0.00 0.00 468.72 481.35 0.00 0.00 468.72 481.35 0.00 0.00 
469.81 481.65 0.00 0.00 469.81 481.65 0.00 0.00 469.81 481.65 0.00 0.00 469.81 481.65 0.00 0.00 469.81 481.65 0.00 0.00 
470.90 481.94 0.00 0.00 470.90 481.94 0.00 0.00 470.90 481.94 0.00 0.00 470.90 481.94 0.00 0.00 470.90 481.94 0.00 0.00 
472.00 482.22 0.00 0.00 472.00 482.22 0.00 0.00 472.00 482.22 0.00 0.00 472.00 482.22 0.00 0.00 472.00 482.22 0.00 0.00 
473.11 482.50 0.00 0.00 473.11 482.50 0.00 0.00 473.11 482.50 0.00 0.00 473.11 482.50 0.00 0.00 473.11 482.50 0.00 0.00 
474.22 482.77 0.00 0.00 474.22 482.77 0.00 0.00 474.22 482.77 0.00 0.00 474.22 482.77 0.00 0.00 474.22 482.77 0.00 0.00 
475.34 483.03 0.00 0.00 475.34 483.03 0.00 0.00 475.34 483.03 0.00 0.00 475.34 483.03 0.00 0.00 475.34 483.03 0.00 0.00 
476.47 483.29 0.00 0.00 476.47 483.29 0.00 0.00 476.47 483.29 0.00 0.00 476.47 483.29 0.00 0.00 476.47 483.29 0.00 0.00 
477.60 483.54 0.00 0.00 477.60 483.54 0.00 0.00 477.60 483.54 0.00 0.00 477.60 483.54 0.00 0.00 477.60 483.54 0.00 0.00 
478.74 483.78 0.00 0.00 478.74 483.78 0.00 0.00 478.74 483.78 0.00 0.00 478.74 483.78 0.00 0.00 478.74 483.78 0.00 0.00 
479.89 484.02 0.00 0.00 479.89 484.02 0.00 0.00 479.89 484.02 0.00 0.00 479.89 484.02 0.00 0.00 479.89 484.02 0.00 0.00 
481.04 484.25 0.00 0.00 481.04 484.25 0.00 0.00 481.04 484.25 0.00 0.00 481.04 484.25 0.00 0.00 481.04 484.25 0.00 0.00 
482.19 484.47 0.00 0.00 482.19 484.47 0.00 0.00 482.19 484.47 0.00 0.00 482.19 484.47 0.00 0.00 482.19 484.47 0.00 0.00 
483.36 484.69 0.00 0.00 483.36 484.69 0.00 0.00 483.36 484.69 0.00 0.00 483.36 484.69 0.00 0.00 483.36 484.69 0.00 0.00 
