  7.628923 -13.993490  -7.628923  32.265844   7.628923  32.594715  -7.628923 -13.288105   7.628923 -38.144613  -7.628923 
  7.627227 -14.690505  -7.627227  31.926635   7.627227  32.913326  -7.627227 -12.574667   7.627227 -38.136134  -7.627227 
  7.623835 -15.378848  -7.623835  31.577013   7.623835  33.221755  -7.623835 -11.853516   7.623835 -38.119173  -7.623835 
  7.618745 -16.058239  -7.618745  31.216904   7.618745  33.520080  -7.618745 -11.125007   7.618745 -38.093724  -7.618745 
  7.611955 -16.728416  -7.611955  30.846235   7.611955  33.808382  -7.611955 -10.389517   7.611955 -38.059776  -7.611955 
  7.603463 -17.389138  -7.603463  30.464936   7.603463  34.086737  -7.603463  -9.647439   7.603463 -38.017315  -7.603463 
  7.593265 -18.040180  -7.593265  30.072940   7.593265  34.355226  -7.593265  -8.899184   7.593265 -37.966327  -7.593265 
  7.581358 -18.681338  -7.581358  29.670185   7.581358  34.613926  -7.581358  -8.145177   7.581358 -37.906789  -7.581358 
  7.567736 -19.312425  -7.567736  29.256611   7.567736  34.862915  -7.567736  -7.385863   7.567736 -37.838681  -7.567736 
  7.552395 -19.933273  -7.552395  28.832162   7.552395  35.102267  -7.552395  -6.621700   7.552395 -37.761974  -7.552395 
  7.535328 -20.543730  -7.535328  28.396789   7.535328  35.332058  -7.535328  -5.853158   7.535328 -37.676641  -7.535328 
  7.516529 -21.143662  -7.516529  27.950447   7.516529  35.552362  -7.516529  -5.080721   7.516529 -37.582647  -7.516529 
  7.495991 -21.732950  -7.495991  27.493098   7.495991  35.763250  -7.495991  -4.304885   7.495991 -37.479957  -7.495991 
  7.473707 -22.311491  -7.473707  27.024711   7.473707  35.964792  -7.473707  -3.526156   7.473707 -37.368533  -7.473707 
  7.449666 -22.879199  -7.449666  26.545261   7.449666  36.157055  -7.449666  -2.745047   7.449666 -37.248332  -7.449666 
  7.423862 -23.435998  -7.423862  26.054733   7.423862  36.340106  -7.423862  -1.962080   7.423862 -37.119310  -7.423862 
  7.396284 -23.981831  -7.396284  25.553118   7.396284  36.514008  -7.396284  -1.177782   7.396284 -36.981418  -7.396284 
  7.366921 -24.516650  -7.366921  25.040420   7.366921  36.678822  -7.366921  -0.392683   7.366921 -36.834607  -7.366921 
  7.335764 -25.040420  -7.335764  24.516650   7.335764  36.834607  -7.335764   0.392683   7.335764 -36.678822  -7.335764 
  7.302802 -25.553118  -7.302802  23.981831   7.302802  36.981418  -7.302802   1.177782   7.302802 -36.514008  -7.302802 
  7.268021 -26.054733  -7.268021  23.435998   7.268021  37.119310  -7.268021   1.962080   7.268021 -36.340106  -7.268021 
  7.231411 -26.545261  -7.231411  22.879199   7.231411  37.248332  -7.231411   2.745047   7.231411 -36.157055  -7.231411 
  7.192958 -27.024711  -7.192958  22.311491   7.192958  37.368533  -7.192958   3.526156   7.192958 -35.964792  -7.192958 
  7.152650 -27.493098  -7.152650  21.732950   7.152650  37.479957  -7.152650   4.304885   7.152650 -35.763250  -7.152650 
  7.110472 -27.950447  -7.110472  21.143662   7.110472  37.582647  -7.110472   5.080721   7.110472 -35.552362  -7.110472 
  7.066412 -28.396789  -7.066412  20.543730   7.066412  37.676641  -7.066412   5.853158   7.066412 -35.332058  -7.066412 
  7.020453 -28.832162  -7.020453  19.933273   7.020453  37.761974  -7.020453   6.621700   7.020453 -35.102267  -7.020453 
  6.972583 -29.256611  -6.972583  19.312425   6.972583  37.838681  -6.972583   7.385863   6.972583 -34.862915  -6.972583 
  6.922785 -29.670185  -6.922785  18.681338   6.922785  37.906789  -6.922785   8.145177   6.922785 -34.613926  -6.922785 
  6.871045 -30.072940  -6.871045  18.040180   6.871045  37.966327  -6.871045   8.899184   6.871045 -34.355226  -6.871045 
  6.817347 -30.464936  -6.817347  17.389138   6.817347  38.017315  -6.817347   9.647439   6.817347 -34.086737  -6.817347 
  6.761676 -30.846235  -6.761676  16.728416   6.761676  38.059776  -6.761676  10.389517   6.761676 -33.808382  -6.761676 
  6.704016 -31.216904  -6.704016  16.058239   6.704016  38.093724  -6.704016  11.125007   6.704016 -33.520080  -6.704016 
  6.644351 -31.577013  -6.644351  15.378848   6.644351  38.119173  -6.644351  11.853516   6.644351 -33.221755  -6.644351 
  6.582665 -31.926635  -6.582665  14.690505   6.582665  38.136134  -6.582665  12.574667   6.582665 -32.913326  -6.582665 
  6.518943 -32.265844  -6.518943  13.993490   6.518943  38.144613  -6.518943  13.288105   6.518943 -32.594715  -6.518943 
  6.453169 -38.144613  -6.453169  13.288105   6.453169  38.144613  -6.453169  13.993490   6.453169 -32.265844  -6.453169 
  6.385327 -38.136134  -6.385327  12.574667   6.385327  38.136134  -6.385327  14.690505   6.385327 -31.926635  -6.385327 
  6.315403 -38.119173  -6.315403  11.853516   6.315403  38.119173  -6.315403  15.378848   6.315403 -31.577013  -6.315403 
  6.243381 -38.093724  -6.243381  11.125007   6.243381  38.093724  -6.243381  16.058239   6.243381 -31.216904  -6.243381 
  6.169247 -38.059776  -6.169247  10.389517   6.169247  38.059776  -6.169247  16.728416   6.169247 -30.846235  -6.169247 
  6.092987 -38.017315  -6.092987   9.647439   6.092987  38.017315  -6.092987  17.389138   6.092987 -30.464936  -6.092987 
  6.014588 -37.966327  -6.014588   8.899184   6.014588  37.966327  -6.014588  18.040180   6.014588 -30.072940  -6.014588 
  5.934037 -37.906789  -5.934037   8.145177   5.934037  37.906789  -5.934037  18.681338   5.934037 -29.670185  -5.934037 
  5.851322 -37.838681  -5.851322   7.385863   5.851322  37.838681  -5.851322  19.312425   5.851322 -29.256611  -5.851322 
  5.766432 -37.761974  -5.766432   6.621700   5.766432  37.761974  -5.766432  19.933273   5.766432 -28.832162  -5.766432 
  5.679358 -37.676641  -5.679358   5.853158   5.679358  37.676641  -5.679358  20.543730   5.679358 -28.396789  -5.679358 
  5.590089 -37.582647  -5.590089   5.080721   5.590089  37.582647  -5.590089  21.143662   5.590089 -27.950447  -5.590089 
  5.498620 -37.479957  -5.498620   4.304885   5.498620  37.479957  -5.498620  21.732950   5.498620 -27.493098  -5.498620 
  5.404942 -37.368533  -5.404942   3.526156   5.404942  37.368533  -5.404942  22.311491   5.404942 -27.024711  -5.404942 
  5.309052 -37.248332  -5.309052   2.745047   5.309052  37.248332  -5.309052  22.879199   5.309052 -26.545261  -5.309052 
  5.210947 -37.119310  -5.210947   1.962080   5.210947  37.119310  -5.210947  23.435998   5.210947 -26.054733  -5.210947 
  5.110624 -36.981418  -5.110624   1.177782   5.110624  36.981418  -5.110624  23.981831   5.110624 -25.553118  -5.110624 
  5.008084 -36.834607  -5.008084   0.392683   5.008084  36.834607  -5.008084  24.516650   5.008084 -25.040420  -5.008084 
  4.903330 -36.678822  -4.903330  -0.392683   4.903330  36.678822  -4.903330  25.040420   4.903330 -24.516650  -4.903330 
  4.796366 -36.514008  -4.796366  -1.177782   4.796366  36.514008  -4.796366  25.553118   4.796366 -23.981831  -4.796366 
  4.687200 -36.340106  -4.687200  -1.962080   4.687200  36.340106  -4.687200  26.054733   4.687200 -23.435998  -4.687200 
  4.575840 -36.157055  -4.575840  -2.745047   4.575840  36.157055  -4.575840  26.545261   4.575840 -22.879199  -4.575840 
  4.462298 -35.964792  -4.462298  -3.526156   4.462298  35.964792  -4.462298  27.024711   4.462298 -22.311491  -4.462298 
  4.346590 -35.763250  -4.346590  -4.304885   4.346590  35.763250  -4.346590  27.493098   4.346590 -21.732950  -4.346590 
  4.228732 -35.552362  -4.228732  -5.080721   4.228732  35.552362  -4.228732  27.950447   4.228732 -21.143662  -4.228732 
  4.108746 -35.332058  -4.108746  -5.853158   4.108746  35.332058  -4.108746  28.396789   4.108746 -20.543730  -4.108746 
  3.986655 -35.102267  -3.986655  -6.621700   3.986655  35.102267  -3.986655  28.832162   3.986655 -19.933273  -3.986655 
  3.862485 -34.862915  -3.862485  -7.385863   3.862485  34.862915  -3.862485  29.256611   3.862485 -19.312425  -3.862485 
  3.736268 -34.613926  -3.736268  -8.145177   3.736268  34.613926  -3.736268  29.670185   3.736268 -18.681338  -3.736268 
  3.608036 -34.355226  -3.608036  -8.899184   3.608036  34.355226  -3.608036  30.072940   3.608036 -18.040180  -3.608036 
  3.477828 -34.086737  -3.477828  -9.647439   3.477828  34.086737  -3.477828  30.464936   3.477828 -17.389138  -3.477828 
  3.345683 -33.808382  -3.345683 -10.389517   3.345683  33.808382  -3.345683  30.846235   3.345683 -16.728416  -3.345683 
  3.211648 -33.520080  -3.211648 -11.125007   3.211648  33.520080  -3.211648  31.216904   3.211648 -16.058239  -3.211648 
  3.075770 -33.221755  -3.075770 -11.853516   3.075770  33.221755  -3.075770  31.577013   3.075770 -15.378848  -3.075770 
  2.938101 -32.913326  -2.938101 -12.574667   2.938101  32.913326  -2.938101  31.926635   2.938101 -14.690505  -2.938101 
  2.798698 -32.594715  -2.798698 -13.288105   2.798698  32.594715  -2.798698  32.265844   2.798698 -13.993490  -2.798698 
  2.657621 -32.265844  -2.657621 -13.993490   2.657621  32.265844  -2.657621  32.594715   2.657621 -13.288105  -2.657621 
  2.514933 -31.926635  -2.514933 -14.690505   2.514933  31.926635  -2.514933  32.913326   2.514933 -12.574667  -2.514933 
  2.370703 -31.577013  -2.370703 -15.378848   2.370703  31.577013  -2.370703  33.221755   2.370703 -11.853516  -2.370703 
  2.225001 -31.216904  -2.225001 -16.058239   2.225001  31.216904  -2.225001  33.520080   2.225001 -11.125007  -2.225001 
  2.077903 -30.846235  -2.077903 -16.728416   2.077903  30.846235  -2.077903  33.808382   2.077903 -10.389517  -2.077903 
  1.929488 -30.464936  -1.929488 -17.389138   1.929488  30.464936  -1.929488  34.086737   1.929488  -9.647439  -1.929488 
  1.779837 -30.072940  -1.779837 -18.040180   1.779837  30.072940  -1.779837  34.355226   1.779837  -8.899184  -1.779837 
  1.629035 -29.670185  -1.629035 -18.681338   1.629035  29.670185  -1.629035  34.613926   1.629035  -8.145177  -1.629035 
  1.477173 -29.256611  -1.477173 -19.312425   1.477173  29.256611  -1.477173  34.862915   1.477173  -7.385863  -1.477173 
  1.324340 -28.832162  -1.324340 -19.933273   1.324340  28.832162  -1.324340  35.102267   1.324340  -6.621700  -1.324340 
  1.170632 -28.396789  -1.170632 -20.543730   1.170632  28.396789  -1.170632  35.332058   1.170632  -5.853158  -1.170632 
  1.016144 -27.950447  -1.016144 -21.143662   1.016144  27.950447  -1.016144  35.552362   1.016144  -5.080721  -1.016144 
  0.860977 -27.493098  -0.860977 -21.732950   0.860977  27.493098  -0.860977  35.763250   0.860977  -4.304885  -0.860977 
  0.705231 -27.024711  -0.705231 -22.311491   0.705231  27.024711  -0.705231  35.964792   0.705231  -3.526156  -0.705231 
  0.549009 -26.545261  -0.549009 -22.879199   0.549009  26.545261  -0.549009  36.157055   0.549009  -2.745047  -0.549009 
  0.392416 -26.054733  -0.392416 -23.435998   0.392416  26.054733  -0.392416  36.340106   0.392416  -1.962080  -0.392416 
  0.235556 -25.553118  -0.235556 -23.981831   0.235556  25.553118  -0.235556  36.514008   0.235556  -1.177782  -0.235556 
  0.078537 -25.040420  -0.078537 -24.516650   0.078537  25.040420  -0.078537  36.678822   0.078537  -0.392683  -0.078537 
 -0.078537 -24.516650   0.078537 -25.040420  -0.078537  24.516650   0.078537  36.834607  -0.078537   0.392683   0.078537 
 -0.235556 -23.981831   0.235556 -25.553118  -0.235556  23.981831   0.235556  36.981418  -0.235556   1.177782   0.235556 
 -0.392416 -23.435998   0.392416 -26.054733  -0.392416  23.435998   0.392416  37.119310  -0.392416   1.962080   0.392416 
 -0.549009 -22.879199   0.549009 -26.545261  -0.549009  22.879199   0.549009  37.248332  -0.549009   2.745047   0.549009 
 -0.705231 -22.311491   0.705231 -27.024711  -0.705231  22.311491   0.705231  37.368533  -0.705231   3.526156   0.705231 
 -0.860977 -21.732950   0.860977 -27.493098  -0.860977  21.732950   0.860977  37.479957  -0.860977   4.304885   0.860977 
 -1.016144 -21.143662   1.016144 -27.950447  -1.016144  21.143662   1.016144  37.582647  -1.016144   5.080721   1.016144 
 -1.170632 -20.543730   1.170632 -28.396789  -1.170632  20.543730   1.170632  37.676641  -1.170632   5.853158   1.170632 
 -1.324340 -19.933273   1.324340 -28.832162  -1.324340  19.933273   1.324340  37.761974  -1.324340   6.621700   1.324340 
 -1.477173 -19.312425   1.477173 -29.256611  -1.477173  19.312425   1.477173  37.838681  -1.477173   7.385863   1.477173 
 -1.629035 -18.681338   1.629035 -29.670185  -1.629035  18.681338   1.629035  37.906789  -1.629035   8.145177   1.629035 
 -1.779837 -18.040180   1.779837 -30.072940  -1.779837  18.040180   1.779837  37.966327  -1.779837   8.899184   1.779837 
 -1.929488 -17.389138   1.929488 -30.464936  -1.929488  17.389138   1.929488  38.017315  -1.929488   9.647439   1.929488 
 -2.077903 -16.728416   2.077903 -30.846235  -2.077903  16.728416   2.077903  38.059776  -2.077903  10.389517   2.077903 
 -2.225001 -16.058239   2.225001 -31.216904  -2.225001  16.058239   2.225001  38.093724  -2.225001  11.125007   2.225001 
 -2.370703 -15.378848   2.370703 -31.577013  -2.370703  15.378848   2.370703  38.119173  -2.370703  11.853516   2.370703 
 -2.514933 -14.690505   2.514933 -31.926635  -2.514933  14.690505   2.514933  38.136134  -2.514933  12.574667   2.514933 
 -2.657621 -13.993490   2.657621 -32.265844  -2.657621  13.993490   2.657621  38.144613  -2.657621  13.288105   2.657621 
 -2.798698 -13.288105   2.798698 -38.144613  -2.798698  13.288105   2.798698  38.144613  -2.798698  13.993490   2.798698 
 -2.938101 -12.574667   2.938101 -38.136134  -2.938101  12.574667   2.938101  38.136134  -2.938101  14.690505   2.938101 
 -3.075770 -11.853516   3.075770 -38.119173  -3.075770  11.853516   3.075770  38.119173  -3.075770  15.378848   3.075770 
 -3.211648 -11.125007   3.211648 -38.093724  -3.211648  11.125007   3.211648  38.093724  -3.211648  16.058239   3.211648 
 -3.345683 -10.389517   3.345683 -38.059776  -3.345683  10.389517   3.345683  38.059776  -3.345683  16.728416   3.345683 
 -3.477828  -9.647439   3.477828 -38.017315  -3.477828   9.647439   3.477828  38.017315  -3.477828  17.389138   3.477828 
 -3.608036  -8.899184   3.608036 -37.966327  -3.608036   8.899184   3.608036  37.966327  -3.608036  18.040180   3.608036 
 -3.736268  -8.145177   3.736268 -37.906789  -3.736268   8.145177   3.736268  37.906789  -3.736268  18.681338   3.736268 
 -3.862485  -7.385863   3.862485 -37.838681  -3.862485   7.385863   3.862485  37.838681  -3.862485  19.312425   3.862485 
 -3.986655  -6.621700   3.986655 -37.761974  -3.986655   6.621700   3.986655  37.761974  -3.986655  19.933273   3.986655 
 -4.108746  -5.853158   4.108746 -37.676641  -4.108746   5.853158   4.108746  37.676641  -4.108746  20.543730   4.108746 
 -4.228732  -5.080721   4.228732 -37.582647  -4.228732   5.080721   4.228732  37.582647  -4.228732  21.143662   4.228732 
 -4.346590  -4.304885   4.346590 -37.479957  -4.346590   4.304885   4.346590  37.479957  -4.346590  21.732950   4.346590 
 -4.462298  -3.526156   4.462298 -37.368533  -4.462298   3.526156   4.462298  37.368533  -4.462298  22.311491   4.462298 
 -4.575840  -2.745047   4.575840 -37.248332  -4.575840   2.745047   4.575840  37.248332  -4.575840  22.879199   4.575840 
 -4.687200  -1.962080   4.687200 -37.119310  -4.687200   1.962080   4.687200  37.119310  -4.687200  23.435998   4.687200 
 -4.796366  -1.177782   4.796366 -36.981418  -4.796366   1.177782   4.796366  36.981418  -4.796366  23.981831   4.796366 
 -4.903330  -0.392683   4.903330 -36.834607  -4.903330   0.392683   4.903330  36.834607  -4.903330  24.516650   4.903330 
 -5.008084   0.392683   5.008084 -36.678822  -5.008084  -0.392683   5.008084  36.678822  -5.008084  25.040420   5.008084 
 -5.110624   1.177782   5.110624 -36.514008  -5.110624  -1.177782   5.110624  36.514008  -5.110624  25.553118   5.110624 
 -5.210947   1.962080   5.210947 -36.340106  -5.210947  -1.962080   5.210947  36.340106  -5.210947  26.054733   5.210947 
 -5.309052   2.745047   5.309052 -36.157055  -5.309052  -2.745047   5.309052  36.157055  -5.309052  26.545261   5.309052 
 -5.404942   3.526156   5.404942 -35.964792  -5.404942  -3.526156   5.404942  35.964792  -5.404942  27.024711   5.404942 
 -5.498620   4.304885   5.498620 -35.763250  -5.498620  -4.304885   5.498620  35.763250  -5.498620  27.493098   5.498620 
 -5.590089   5.080721   5.590089 -35.552362  -5.590089  -5.080721   5.590089  35.552362  -5.590089  27.950447   5.590089 
 -5.679358   5.853158   5.679358 -35.332058  -5.679358  -5.853158   5.679358  35.332058  -5.679358  28.396789   5.679358 
 -5.766432   6.621700   5.766432 -35.102267  -5.766432  -6.621700   5.766432  35.102267  -5.766432  28.832162   5.766432 
 -5.851322   7.385863   5.851322 -34.862915  -5.851322  -7.385863   5.851322  34.862915  -5.851322  29.256611   5.851322 
 -5.934037   8.145177   5.934037 -34.613926  -5.934037  -8.145177   5.934037  34.613926  -5.934037  29.670185   5.934037 
 -6.014588   8.899184   6.014588 -34.355226  -6.014588  -8.899184   6.014588  34.355226  -6.014588  30.072940   6.014588 
 -6.092987   9.647439   6.092987 -34.086737  -6.092987  -9.647439   6.092987  34.086737  -6.092987  30.464936   6.092987 
 -6.169247  10.389517   6.169247 -33.808382  -6.169247 -10.389517   6.169247  33.808382  -6.169247  30.846235   6.169247 
 -6.243381  11.125007   6.243381 -33.520080  -6.243381 -11.125007   6.243381  33.520080  -6.243381  31.216904   6.243381 
 -6.315403  11.853516   6.315403 -33.221755  -6.315403 -11.853516   6.315403  33.221755  -6.315403  31.577013   6.315403 
 -6.385327  12.574667   6.385327 -32.913326  -6.385327 -12.574667   6.385327  32.913326  -6.385327  31.926635   6.385327 
 -6.453169  13.288105   6.453169 -32.594715  -6.453169 -13.288105   6.453169  32.594715  -6.453169  32.265844   6.453169 
 -6.518943  13.993490   6.518943 -32.265844  -6.518943 -13.993490   6.518943  32.265844  -6.518943  32.594715   6.518943 
 -6.582665  14.690505   6.582665 -31.926635  -6.582665 -14.690505   6.582665  31.926635  -6.582665  32.913326   6.582665 
 -6.644351  15.378848   6.644351 -31.577013  -6.644351 -15.378848   6.644351  31.577013  -6.644351  33.221755   6.644351 
 -6.704016  16.058239   6.704016 -31.216904  -6.704016 -16.058239   6.704016  31.216904  -6.704016  33.520080   6.704016 
 -6.761676  16.728416   6.761676 -30.846235  -6.761676 -16.728416   6.761676  30.846235  -6.761676  33.808382   6.761676 
 -6.817347  17.389138   6.817347 -30.464936  -6.817347 -17.389138   6.817347  30.464936  -6.817347  34.086737   6.817347 
 -6.871045  18.040180   6.871045 -30.072940  -6.871045 -18.040180   6.871045  30.072940  -6.871045  34.355226   6.871045 
 -6.922785  18.681338   6.922785 -29.670185  -6.922785 -18.681338   6.922785  29.670185  -6.922785  34.613926   6.922785 
 -6.972583  19.312425   6.972583 -29.256611  -6.972583 -19.312425   6.972583  29.256611  -6.972583  34.862915   6.972583 
 -7.020453  19.933273   7.020453 -28.832162  -7.020453 -19.933273   7.020453  28.832162  -7.020453  35.102267   7.020453 
 -7.066412  20.543730   7.066412 -28.396789  -7.066412 -20.543730   7.066412  28.396789  -7.066412  35.332058   7.066412 
 -7.110472  21.143662   7.110472 -27.950447  -7.110472 -21.143662   7.110472  27.950447  -7.110472  35.552362   7.110472 
 -7.152650  21.732950   7.152650 -27.493098  -7.152650 -21.732950   7.152650  27.493098  -7.152650  35.763250   7.152650 
 -7.192958  22.311491   7.192958 -27.024711  -7.192958 -22.311491   7.192958  27.024711  -7.192958  35.964792   7.192958 
 -7.231411  22.879199   7.231411 -26.545261  -7.231411 -22.879199   7.231411  26.545261  -7.231411  36.157055   7.231411 
 -7.268021  23.435998   7.268021 -26.054733  -7.268021 -23.435998   7.268021  26.054733  -7.268021  36.340106   7.268021 
 -7.302802  23.981831   7.302802 -25.553118  -7.302802 -23.981831   7.302802  25.553118  -7.302802  36.514008   7.302802 
 -7.335764  24.516650   7.335764 -25.040420  -7.335764 -24.516650   7.335764  25.040420  -7.335764  36.678822   7.335764 
 -7.366921  25.040420   7.366921 -24.516650  -7.366921 -25.040420   7.366921  24.516650  -7.366921  36.834607   7.366921 
 -7.396284  25.553118   7.396284 -23.981831  -7.396284 -25.553118   7.396284  23.981831  -7.396284  36.981418   7.396284 
 -7.423862  26.054733   7.423862 -23.435998  -7.423862 -26.054733   7.423862  23.435998  -7.423862  37.119310   7.423862 
 -7.449666  26.545261   7.449666 -22.879199  -7.449666 -26.545261   7.449666  22.879199  -7.449666  37.248332   7.449666 
 -7.473707  27.024711   7.473707 -22.311491  -7.473707 -27.024711   7.473707  22.311491  -7.473707  37.368533   7.473707 
 -7.495991  27.493098   7.495991 -21.732950  -7.495991 -27.493098   7.495991  21.732950  -7.495991  37.479957   7.495991 
 -7.516529  27.950447   7.516529 -21.143662  -7.516529 -27.950447   7.516529  21.143662  -7.516529  37.582647   7.516529 
 -7.535328  28.396789   7.535328 -20.543730  -7.535328 -28.396789   7.535328  20.543730  -7.535328  37.676641   7.535328 
 -7.552395  28.832162   7.552395 -19.933273  -7.552395 -28.832162   7.552395  19.933273  -7.552395  37.761974   7.552395 
 -7.567736  29.256611   7.567736 -19.312425  -7.567736 -29.256611   7.567736  19.312425  -7.567736  37.838681   7.567736 
 -7.581358  29.670185   7.581358 -18.681338  -7.581358 -29.670185   7.581358  18.681338  -7.581358  37.906789   7.581358 
 -7.593265  30.072940   7.593265 -18.040180  -7.593265 -30.072940   7.593265  18.040180  -7.593265  37.966327   7.593265 
 -7.603463  30.464936   7.603463 -17.389138  -7.603463 -30.464936   7.603463  17.389138  -7.603463  38.017315   7.603463 
 -7.611955  30.846235   7.611955 -16.728416  -7.611955 -30.846235   7.611955  16.728416  -7.611955  38.059776   7.611955 
 -7.618745  31.216904   7.618745 -16.058239  -7.618745 -31.216904   7.618745  16.058239  -7.618745  38.093724   7.618745 
 -7.623835  31.577013   7.623835 -15.378848  -7.623835 -31.577013   7.623835  15.378848  -7.623835  38.119173   7.623835 
 -7.627227  31.926635   7.627227 -14.690505  -7.627227 -31.926635   7.627227  14.690505  -7.627227  38.136134   7.627227 
 -7.628923  32.265844   7.628923 -13.993490  -7.628923 -32.265844   7.628923  13.993490  -7.628923  38.144613   7.628923 
 -7.628923  32.594715   7.628923 -13.288105  -7.628923 -38.144613   7.628923  13.288105  -7.628923  38.144613   7.628923 
 -7.627227  32.913326   7.627227 -12.574667  -7.627227 -38.136134   7.627227  12.574667  -7.627227  38.136134   7.627227 
 -7.623835  33.221755   7.623835 -11.853516  -7.623835 -38.119173   7.623835  11.853516  -7.623835  38.119173   7.623835 
 -7.618745  33.520080   7.618745 -11.125007  -7.618745 -38.093724   7.618745  11.125007  -7.618745  38.093724   7.618745 
 -7.611955  33.808382   7.611955 -10.389517  -7.611955 -38.059776   7.611955  10.389517  -7.611955  38.059776   7.611955 
 -7.603463  34.086737   7.603463  -9.647439  -7.603463 -38.017315   7.603463   9.647439  -7.603463  38.017315   7.603463 
 -7.593265  34.355226   7.593265  -8.899184  -7.593265 -37.966327   7.593265   8.899184  -7.593265  37.966327   7.593265 
 -7.581358  34.613926   7.581358  -8.145177  -7.581358 -37.906789   7.581358   8.145177  -7.581358  37.906789   7.581358 
 -7.567736  34.862915   7.567736  -7.385863  -7.567736 -37.838681   7.567736   7.385863  -7.567736  37.838681   7.567736 
 -7.552395  35.102267   7.552395  -6.621700  -7.552395 -37.761974   7.552395   6.621700  -7.552395  37.761974   7.552395 
 -7.535328  35.332058   7.535328  -5.853158  -7.535328 -37.676641   7.535328   5.853158  -7.535328  37.676641   7.535328 
 -7.516529  35.552362   7.516529  -5.080721  -7.516529 -37.582647   7.516529   5.080721  -7.516529  37.582647   7.516529 
 -7.495991  35.763250   7.495991  -4.304885  -7.495991 -37.479957   7.495991   4.304885  -7.495991  37.479957   7.495991 
 -7.473707  35.964792   7.473707  -3.526156  -7.473707 -37.368533   7.473707   3.526156  -7.473707  37.368533   7.473707 
 -7.449666  36.157055   7.449666  -2.745047  -7.449666 -37.248332   7.449666   2.745047  -7.449666  37.248332   7.449666 
 -7.423862  36.340106   7.423862  -1.962080  -7.423862 -37.119310   7.423862   1.962080  -7.423862  37.119310   7.423862 
 -7.396284  36.514008   7.396284  -1.177782  -7.396284 -36.981418   7.396284   1.177782  -7.396284  36.981418   7.396284 
 -7.366921  36.678822   7.366921  -0.392683  -7.366921 -36.834607   7.366921   0.392683  -7.366921  36.834607   7.366921 
 -7.335764  36.834607   7.335764   0.392683  -7.335764 -36.678822   7.335764  -0.392683  -7.335764  36.678822   7.335764 
 -7.302802  36.981418   7.302802   1.177782  -7.302802 -36.514008   7.302802  -1.177782  -7.302802  36.514008   7.302802 
 -7.268021  37.119310   7.268021   1.962080  -7.268021 -36.340106   7.268021  -1.962080  -7.268021  36.340106   7.268021 
 -7.231411  37.248332   7.231411   2.745047  -7.231411 -36.157055   7.231411  -2.745047  -7.231411  36.157055   7.231411 
 -7.192958  37.368533   7.192958   3.526156  -7.192958 -35.964792   7.192958  -3.526156  -7.192958  35.964792   7.192958 
 -7.152650  37.479957   7.152650   4.304885  -7.152650 -35.763250   7.152650  -4.304885  -7.152650  35.763250   7.152650 
 -7.110472  37.582647   7.110472   5.080721  -7.110472 -35.552362   7.110472  -5.080721  -7.110472  35.552362   7.110472 
 -7.066412  37.676641   7.066412   5.853158  -7.066412 -35.332058   7.066412  -5.853158  -7.066412  35.332058   7.066412 
 -7.020453  37.761974   7.020453   6.621700  -7.020453 -35.102267   7.020453  -6.621700  -7.020453  35.102267   7.020453 
 -6.972583  37.838681   6.972583   7.385863  -6.972583 -34.862915   6.972583  -7.385863  -6.972583  34.862915   6.972583 
 -6.922785  37.906789   6.922785   8.145177  -6.922785 -34.613926   6.922785  -8.145177  -6.922785  34.613926   6.922785 
 -6.871045  37.966327   6.871045   8.899184  -6.871045 -34.355226   6.871045  -8.899184  -6.871045  34.355226   6.871045 
 -6.817347  38.017315   6.817347   9.647439  -6.817347 -34.086737   6.817347  -9.647439  -6.817347  34.086737   6.817347 
 -6.761676  38.059776   6.761676  10.389517  -6.761676 -33.808382   6.761676 -10.389517  -6.761676  33.808382   6.761676 
 -6.704016  38.093724   6.704016  11.125007  -6.704016 -33.520080   6.704016 -11.125007  -6.704016  33.520080   6.704016 
 -6.644351  38.119173   6.644351  11.853516  -6.644351 -33.221755   6.644351 -11.853516  -6.644351  33.221755   6.644351 
 -6.582665  38.136134   6.582665  12.574667  -6.582665 -32.913326   6.582665 -12.574667  -6.582665  32.913326   6.582665 
 -6.518943  38.144613   6.518943  13.288105  -6.518943 -32.594715   6.518943 -13.288105  -6.518943  32.594715   6.518943 
 -6.453169  38.144613   6.453169  13.993490  -6.453169 -32.265844   6.453169 -13.993490  -6.453169  32.265844   6.453169 
 -6.385327  38.136134   6.385327  14.690505  -6.385327 -31.926635   6.385327 -14.690505  -6.385327  31.926635   6.385327 
 -6.315403  38.119173   6.315403  15.378848  -6.315403 -31.577013   6.315403 -15.378848  -6.315403  31.577013   6.315403 
 -6.243381  38.093724   6.243381  16.058239  -6.243381 -31.216904   6.243381 -16.058239  -6.243381  31.216904   6.243381 
 -6.169247  38.059776   6.169247  16.728416  -6.169247 -30.846235   6.169247 -16.728416  -6.169247  30.846235   6.169247 
 -6.092987  38.017315   6.092987  17.389138  -6.092987 -30.464936   6.092987 -17.389138  -6.092987  30.464936   6.092987 
 -6.014588  37.966327   6.014588  18.040180  -6.014588 -30.072940   6.014588 -18.040180  -6.014588  30.072940   6.014588 
 -5.934037  37.906789   5.934037  18.681338  -5.934037 -29.670185   5.934037 -18.681338  -5.934037  29.670185   5.934037 
 -5.851322  37.838681   5.851322  19.312425  -5.851322 -29.256611   5.851322 -19.312425  -5.851322  29.256611   5.851322 
 -5.766432  37.761974   5.766432  19.933273  -5.766432 -28.832162   5.766432 -19.933273  -5.766432  28.832162   5.766432 
 -5.679358  37.676641   5.679358  20.543730  -5.679358 -28.396789   5.679358 -20.543730  -5.679358  28.396789   5.679358 
 -5.590089  37.582647   5.590089  21.143662  -5.590089 -27.950447   5.590089 -21.143662  -5.590089  27.950447   5.590089 
 -5.498620  37.479957   5.498620  21.732950  -5.498620 -27.493098   5.498620 -21.732950  -5.498620  27.493098   5.498620 
 -5.404942  37.368533   5.404942  22.311491  -5.404942 -27.024711   5.404942 -22.311491  -5.404942  27.024711   5.404942 
 -5.309052  37.248332   5.309052  22.879199  -5.309052 -26.545261   5.309052 -22.879199  -5.309052  26.545261   5.309052 
 -5.210947  37.119310   5.210947  23.435998  -5.210947 -26.054733   5.210947 -23.435998  -5.210947  26.054733   5.210947 
 -5.110624  36.981418   5.110624  23.981831  -5.110624 -25.553118   5.110624 -23.981831  -5.110624  25.553118   5.110624 
 -5.008084  36.834607   5.008084  24.516650  -5.008084 -25.040420   5.008084 -24.516650  -5.008084  25.040420   5.008084 
 -4.903330  36.678822   4.903330  25.040420  -4.903330 -24.516650   4.903330 -25.040420  -4.903330  24.516650   4.903330 
 -4.796366  36.514008   4.796366  25.553118  -4.796366 -23.981831   4.796366 -25.553118  -4.796366  23.981831   4.796366 
 -4.687200  36.340106   4.687200  26.054733  -4.687200 -23.435998   4.687200 -26.054733  -4.687200  23.435998   4.687200 
 -4.575840  36.157055   4.575840  26.545261  -4.575840 -22.879199   4.575840 -26.545261  -4.575840  22.879199   4.575840 
 -4.462298  35.964792   4.462298  27.024711  -4.462298 -22.311491   4.462298 -27.024711  -4.462298  22.311491   4.462298 
 -4.346590  35.763250   4.346590  27.493098  -4.346590 -21.732950   4.346590 -27.493098  -4.346590  21.732950   4.346590 
 -4.228732  35.552362   4.228732  27.950447  -4.228732 -21.143662   4.228732 -27.950447  -4.228732  21.143662   4.228732 
 -4.108746  35.332058   4.108746  28.396789  -4.108746 -20.543730   4.108746 -28.396789  -4.108746  20.543730   4.108746 
 -3.986655  35.102267   3.986655  28.832162  -3.986655 -19.933273   3.986655 -28.832162  -3.986655  19.933273   3.986655 
 -3.862485  34.862915   3.862485  29.256611  -3.862485 -19.312425   3.862485 -29.256611  -3.862485  19.312425   3.862485 
 -3.736268  34.613926   3.736268  29.670185  -3.736268 -18.681338   3.736268 -29.670185  -3.736268  18.681338   3.736268 
 -3.608036  34.355226   3.608036  30.072940  -3.608036 -18.040180   3.608036 -30.072940  -3.608036  18.040180   3.608036 
 -3.477828  34.086737   3.477828  30.464936  -3.477828 -17.389138   3.477828 -30.464936  -3.477828  17.389138   3.477828 
 -3.345683  33.808382   3.345683  30.846235  -3.345683 -16.728416   3.345683 -30.846235  -3.345683  16.728416   3.345683 
 -3.211648  33.520080   3.211648  31.216904  -3.211648 -16.058239   3.211648 -31.216904  -3.211648  16.058239   3.211648 
 -3.075770  33.221755   3.075770  31.577013  -3.075770 -15.378848   3.075770 -31.577013  -3.075770  15.378848   3.075770 
 -2.938101  32.913326   2.938101  31.926635  -2.938101 -14.690505   2.938101 -31.926635  -2.938101  14.690505   2.938101 
 -2.798698  32.594715   2.798698  32.265844  -2.798698 -13.993490   2.798698 -32.265844  -2.798698  13.993490   2.798698 
 -2.657621  32.265844   2.657621  32.594715  -2.657621 -13.288105   2.657621 -38.144613  -2.657621  13.288105   2.657621 
 -2.514933  31.926635   2.514933  32.913326  -2.514933 -12.574667   2.514933 -38.136134  -2.514933  12.574667   2.514933 
 -2.370703  31.577013   2.370703  33.221755  -2.370703 -11.853516   2.370703 -38.119173  -2.370703  11.853516   2.370703 
 -2.225001  31.216904   2.225001  33.520080  -2.225001 -11.125007   2.225001 -38.093724  -2.225001  11.125007   2.225001 
 -2.077903  30.846235   2.077903  33.808382  -2.077903 -10.389517   2.077903 -38.059776  -2.077903  10.389517   2.077903 
 -1.929488  30.464936   1.929488  34.086737  -1.929488  -9.647439   1.929488 -38.017315  -1.929488   9.647439   1.929488 
 -1.779837  30.072940   1.779837  34.355226  -1.779837  -8.899184   1.779837 -37.966327  -1.779837   8.899184   1.779837 
 -1.629035  29.670185   1.629035  34.613926  -1.629035  -8.145177   1.629035 -37.906789  -1.629035   8.145177   1.629035 
 -1.477173  29.256611   1.477173  34.862915  -1.477173  -7.385863   1.477173 -37.838681  -1.477173   7.385863   1.477173 
 -1.324340  28.832162   1.324340  35.102267  -1.324340  -6.621700   1.324340 -37.761974  -1.324340   6.621700   1.324340 
 -1.170632  28.396789   1.170632  35.332058  -1.170632  -5.853158   1.170632 -37.676641  -1.170632   5.853158   1.170632 
 -1.016144  27.950447   1.016144  35.552362  -1.016144  -5.080721   1.016144 -37.582647  -1.016144   5.080721   1.016144 
 -0.860977  27.493098   0.860977  35.763250  -0.860977  -4.304885   0.860977 -37.479957  -0.860977   4.304885   0.860977 
 -0.705231  27.024711   0.705231  35.964792  -0.705231  -3.526156   0.705231 -37.368533  -0.705231   3.526156   0.705231 
 -0.549009  26.545261   0.549009  36.157055  -0.549009  -2.745047   0.549009 -37.248332  -0.549009   2.745047   0.549009 
 -0.392416  26.054733   0.392416  36.340106  -0.392416  -1.962080   0.392416 -37.119310  -0.392416   1.962080   0.392416 
 -0.235556  25.553118   0.235556  36.514008  -0.235556  -1.177782   0.235556 -36.981418  -0.235556   1.177782   0.235556 
 -0.078537  25.040420   0.078537  36.678822  -0.078537  -0.392683   0.078537 -36.834607  -0.078537   0.392683   0.078537 
  0.078537  24.516650  -0.078537  36.834607   0.078537   0.392683  -0.078537 -36.678822   0.078537  -0.392683  -0.078537 
  0.235556  23.981831  -0.235556  36.981418   0.235556   1.177782  -0.235556 -36.514008   0.235556  -1.177782  -0.235556 
  0.392416  23.435998  -0.392416  37.119310   0.392416   1.962080  -0.392416 -36.340106   0.392416  -1.962080  -0.392416 
  0.549009  22.879199  -0.549009  37.248332   0.549009   2.745047  -0.549009 -36.157055   0.549009  -2.745047  -0.549009 
  0.705231  22.311491  -0.705231  37.368533   0.705231   3.526156  -0.705231 -35.964792   0.705231  -3.526156  -0.705231 
  0.860977  21.732950  -0.860977  37.479957   0.860977   4.304885  -0.860977 -35.763250   0.860977  -4.304885  -0.860977 
  1.016144  21.143662  -1.016144  37.582647   1.016144   5.080721  -1.016144 -35.552362   1.016144  -5.080721  -1.016144 
  1.170632  20.543730  -1.170632  37.676641   1.170632   5.853158  -1.170632 -35.332058   1.170632  -5.853158  -1.170632 
  1.324340  19.933273  -1.324340  37.761974   1.324340   6.621700  -1.324340 -35.102267   1.324340  -6.621700  -1.324340 
  1.477173  19.312425  -1.477173  37.838681   1.477173   7.385863  -1.477173 -34.862915   1.477173  -7.385863  -1.477173 
  1.629035  18.681338  -1.629035  37.906789   1.629035   8.145177  -1.629035 -34.613926   1.629035  -8.145177  -1.629035 
  1.779837  18.040180  -1.779837  37.966327   1.779837   8.899184  -1.779837 -34.355226   1.779837  -8.899184  -1.779837 
  1.929488  17.389138  -1.929488  38.017315   1.929488   9.647439  -1.929488 -34.086737   1.929488  -9.647439  -1.929488 
  2.077903  16.728416  -2.077903  38.059776   2.077903  10.389517  -2.077903 -33.808382   2.077903 -10.389517  -2.077903 
  2.225001  16.058239  -2.225001  38.093724   2.225001  11.125007  -2.225001 -33.520080   2.225001 -11.125007  -2.225001 
  2.370703  15.378848  -2.370703  38.119173   2.370703  11.853516  -2.370703 -33.221755   2.370703 -11.853516  -2.370703 
  2.514933  14.690505  -2.514933  38.136134   2.514933  12.574667  -2.514933 -32.913326   2.514933 -12.574667  -2.514933 
  2.657621  13.993490  -2.657621  38.144613   2.657621  13.288105  -2.657621 -32.594715   2.657621 -13.288105  -2.657621 
  2.798698  13.288105  -2.798698  38.144613   2.798698  13.993490  -2.798698 -32.265844   2.798698 -13.993490  -2.798698 
  2.938101  12.574667  -2.938101  38.136134   2.938101  14.690505  -2.938101 -31.926635   2.938101 -14.690505  -2.938101 
  3.075770  11.853516  -3.075770  38.119173   3.075770  15.378848  -3.075770 -31.577013   3.075770 -15.378848  -3.075770 
  3.211648  11.125007  -3.211648  38.093724   3.211648  16.058239  -3.211648 -31.216904   3.211648 -16.058239  -3.211648 
  3.345683  10.389517  -3.345683  38.059776   3.345683  16.728416  -3.345683 -30.846235   3.345683 -16.728416  -3.345683 
  3.477828   9.647439  -3.477828  38.017315   3.477828  17.389138  -3.477828 -30.464936   3.477828 -17.389138  -3.477828 
  3.608036   8.899184  -3.608036  37.966327   3.608036  18.040180  -3.608036 -30.072940   3.608036 -18.040180  -3.608036 
  3.736268   8.145177  -3.736268  37.906789   3.736268  18.681338  -3.736268 -29.670185   3.736268 -18.681338  -3.736268 
  3.862485   7.385863  -3.862485  37.838681   3.862485  19.312425  -3.862485 -29.256611   3.862485 -19.312425  -3.862485 
  3.986655   6.621700  -3.986655  37.761974   3.986655  19.933273  -3.986655 -28.832162   3.986655 -19.933273  -3.986655 
  4.108746   5.853158  -4.108746  37.676641   4.108746  20.543730  -4.108746 -28.396789   4.108746 -20.543730  -4.108746 
  4.228732   5.080721  -4.228732  37.582647   4.228732  21.143662  -4.228732 -27.950447   4.228732 -21.143662  -4.228732 
  4.346590   4.304885  -4.346590  37.479957   4.346590  21.732950  -4.346590 -27.493098   4.346590 -21.732950  -4.346590 
  4.462298   3.526156  -4.462298  37.368533   4.462298  22.311491  -4.462298 -27.024711   4.462298 -22.311491  -4.462298 
  4.575840   2.745047  -4.575840  37.248332   4.575840  22.879199  -4.575840 -26.545261   4.575840 -22.879199  -4.575840 
  4.687200   1.962080  -4.687200  37.119310   4.687200  23.435998  -4.687200 -26.054733   4.687200 -23.435998  -4.687200 
  4.796366   1.177782  -4.796366  36.981418   4.796366  23.981831  -4.796366 -25.553118   4.796366 -23.981831  -4.796366 
  4.903330   0.392683  -4.903330  36.834607   4.903330  24.516650  -4.903330 -25.040420   4.903330 -24.516650  -4.903330 
  5.008084  -0.392683  -5.008084  36.678822   5.008084  25.040420  -5.008084 -24.516650   5.008084 -25.040420  -5.008084 
  5.110624  -1.177782  -5.110624  36.514008   5.110624  25.553118  -5.110624 -23.981831   5.110624 -25.553118  -5.110624 
  5.210947  -1.962080  -5.210947  36.340106   5.210947  26.054733  -5.210947 -23.435998   5.210947 -26.054733  -5.210947 
  5.309052  -2.745047  -5.309052  36.157055   5.309052  26.545261  -5.309052 -22.879199   5.309052 -26.545261  -5.309052 
  5.404942  -3.526156  -5.404942  35.964792   5.404942  27.024711  -5.404942 -22.311491   5.404942 -27.024711  -5.404942 
  5.498620  -4.304885  -5.498620  35.763250   5.498620  27.493098  -5.498620 -21.732950   5.498620 -27.493098  -5.498620 
  5.590089  -5.080721  -5.590089  35.552362   5.590089  27.950447  -5.590089 -21.143662   5.590089 -27.950447  -5.590089 
  5.679358  -5.853158  -5.679358  35.332058   5.679358  28.396789  -5.679358 -20.543730   5.679358 -28.396789  -5.679358 
  5.766432  -6.621700  -5.766432  35.102267   5.766432  28.832162  -5.766432 -19.933273   5.766432 -28.832162  -5.766432 
  5.851322  -7.385863  -5.851322  34.862915   5.851322  29.256611  -5.851322 -19.312425   5.851322 -29.256611  -5.851322 
  5.934037  -8.145177  -5.934037  34.613926   5.934037  29.670185  -5.934037 -18.681338   5.934037 -29.670185  -5.934037 
  6.014588  -8.899184  -6.014588  34.355226   6.014588  30.072940  -6.014588 -18.040180   6.014588 -30.072940  -6.014588 
  6.092987  -9.647439  -6.092987  34.086737   6.092987  30.464936  -6.092987 -17.389138   6.092987 -30.464936  -6.092987 
  6.169247 -10.389517  -6.169247  33.808382   6.169247  30.846235  -6.169247 -16.728416   6.169247 -30.846235  -6.169247 
  6.243381 -11.125007  -6.243381  33.520080   6.243381  31.216904  -6.243381 -16.058239   6.243381 -31.216904  -6.243381 
  6.315403 -11.853516  -6.315403  33.221755   6.315403  31.577013  -6.315403 -15.378848   6.315403 -31.577013  -6.315403 
  6.385327 -12.574667  -6.385327  32.913326   6.385327  31.926635  -6.385327 -14.690505   6.385327 -31.926635  -6.385327 
  6.453169 -13.288105  -6.453169  32.594715   6.453169  32.265844  -6.453169 -13.993490   6.453169 -32.265844  -6.453169 
  6.518943 -13.993490  -6.518943  32.265844   6.518943  32.594715  -6.518943 -13.288105   6.518943 -38.144613  -6.518943 
  6.582665 -14.690505  -6.582665  31.926635   6.582665  32.913326  -6.582665 -12.574667   6.582665 -38.136134  -6.582665 
  6.644351 -15.378848  -6.644351  31.577013   6.644351  33.221755  -6.644351 -11.853516   6.644351 -38.119173  -6.644351 
  6.704016 -16.058239  -6.704016  31.216904   6.704016  33.520080  -6.704016 -11.125007   6.704016 -38.093724  -6.704016 
  6.761676 -16.728416  -6.761676  30.846235   6.761676  33.808382  -6.761676 -10.389517   6.761676 -38.059776  -6.761676 
  6.817347 -17.389138  -6.817347  30.464936   6.817347  34.086737  -6.817347  -9.647439   6.817347 -38.017315  -6.817347 
  6.871045 -18.040180  -6.871045  30.072940   6.871045  34.355226  -6.871045  -8.899184   6.871045 -37.966327  -6.871045 
  6.922785 -18.681338  -6.922785  29.670185   6.922785  34.613926  -6.922785  -8.145177   6.922785 -37.906789  -6.922785 
  6.972583 -19.312425  -6.972583  29.256611   6.972583  34.862915  -6.972583  -7.385863   6.972583 -37.838681  -6.972583 
  7.020453 -19.933273  -7.020453  28.832162   7.020453  35.102267  -7.020453  -6.621700   7.020453 -37.761974  -7.020453 
  7.066412 -20.543730  -7.066412  28.396789   7.066412  35.332058  -7.066412  -5.853158   7.066412 -37.676641  -7.066412 
  7.110472 -21.143662  -7.110472  27.950447   7.110472  35.552362  -7.110472  -5.080721   7.110472 -37.582647  -7.110472 
  7.152650 -21.732950  -7.152650  27.493098   7.152650  35.763250  -7.152650  -4.304885   7.152650 -37.479957  -7.152650 
  7.192958 -22.311491  -7.192958  27.024711   7.192958  35.964792  -7.192958  -3.526156   7.192958 -37.368533  -7.192958 
  7.231411 -22.879199  -7.231411  26.545261   7.231411  36.157055  -7.231411  -2.745047   7.231411 -37.248332  -7.231411 
  7.268021 -23.435998  -7.268021  26.054733   7.268021  36.340106  -7.268021  -1.962080   7.268021 -37.119310  -7.268021 
  7.302802 -23.981831  -7.302802  25.553118   7.302802  36.514008  -7.302802  -1.177782   7.302802 -36.981418  -7.302802 
  7.335764 -24.516650  -7.335764  25.040420   7.335764  36.678822  -7.335764  -0.392683   7.335764 -36.834607  -7.335764 
  7.366921 -25.040420  -7.366921  24.516650   7.366921  36.834607  -7.366921   0.392683   7.366921 -36.678822  -7.366921 
  7.396284 -25.553118  -7.396284  23.981831   7.396284  36.981418  -7.396284   1.177782   7.396284 -36.514008  -7.396284 
  7.423862 -26.054733  -7.423862  23.435998   7.423862  37.119310  -7.423862   1.962080   7.423862 -36.340106  -7.423862 
  7.449666 -26.545261  -7.449666  22.879199   7.449666  37.248332  -7.449666   2.745047   7.449666 -36.157055  -7.449666 
  7.473707 -27.024711  -7.473707  22.311491   7.473707  37.368533  -7.473707   3.526156   7.473707 -35.964792  -7.473707 
  7.495991 -27.493098  -7.495991  21.732950   7.495991  37.479957  -7.495991   4.304885   7.495991 -35.763250  -7.495991 
  7.516529 -27.950447  -7.516529  21.143662   7.516529  37.582647  -7.516529   5.080721   7.516529 -35.552362  -7.516529 
  7.535328 -28.396789  -7.535328  20.543730   7.535328  37.676641  -7.535328   5.853158   7.535328 -35.332058  -7.535328 
  7.552395 -28.832162  -7.552395  19.933273   7.552395  37.761974  -7.552395   6.621700   7.552395 -35.102267  -7.552395 
  7.567736 -29.256611  -7.567736  19.312425   7.567736  37.838681  -7.567736   7.385863   7.567736 -34.862915  -7.567736 
  7.581358 -29.670185  -7.581358  18.681338   7.581358  37.906789  -7.581358   8.145177   7.581358 -34.613926  -7.581358 
  7.593265 -30.072940  -7.593265  18.040180   7.593265  37.966327  -7.593265   8.899184   7.593265 -34.355226  -7.593265 
  7.603463 -30.464936  -7.603463  17.389138   7.603463  38.017315  -7.603463   9.647439   7.603463 -34.086737  -7.603463 
  7.611955 -30.846235  -7.611955  16.728416   7.611955  38.059776  -7.611955  10.389517   7.611955 -33.808382  -7.611955 
  7.618745 -31.216904  -7.618745  16.058239   7.618745  38.093724  -7.618745  11.125007   7.618745 -33.520080  -7.618745 
  7.623835 -31.577013  -7.623835  15.378848   7.623835  38.119173  -7.623835  11.853516   7.623835 -33.221755  -7.623835 
  7.627227 -31.926635  -7.627227  14.690505   7.627227  38.136134  -7.627227  12.574667   7.627227 -32.913326  -7.627227 
  7.628923 -32.265844  -7.628923  13.993490   7.628923  38.144613  -7.628923  13.288105   7.628923 -32.594715  -7.628923 
  7.628923 -32.594715  -7.628923  13.288105   7.628923  38.144613  -7.628923  13.993490   7.628923 -32.265844  -7.628923 
  7.627227 -32.913326  -7.627227  12.574667   7.627227  38.136134  -7.627227  14.690505   7.627227 -31.926635  -7.627227 
  7.623835 -33.221755  -7.623835  11.853516   7.623835  38.119173  -7.623835  15.378848   7.623835 -31.577013  -7.623835 
  7.618745 -33.520080  -7.618745  11.125007   7.618745  38.093724  -7.618745  16.058239   7.618745 -31.216904  -7.618745 
  7.611955 -33.808382  -7.611955  10.389517   7.611955  38.059776  -7.611955  16.728416   7.611955 -30.846235  -7.611955 
  7.603463 -34.086737  -7.603463   9.647439   7.603463  38.017315  -7.603463  17.389138   7.603463 -30.464936  -7.603463 
  7.593265 -34.355226  -7.593265   8.899184   7.593265  37.966327  -7.593265  18.040180   7.593265 -30.072940  -7.593265 
  7.581358 -34.613926  -7.581358   8.145177   7.581358  37.906789  -7.581358  18.681338   7.581358 -29.670185  -7.581358 
  7.567736 -34.862915  -7.567736   7.385863   7.567736  37.838681  -7.567736  19.312425   7.567736 -29.256611  -7.567736 
  7.552395 -35.102267  -7.552395   6.621700   7.552395  37.761974  -7.552395  19.933273   7.552395 -28.832162  -7.552395 
  7.535328 -35.332058  -7.535328   5.853158   7.535328  37.676641  -7.535328  20.543730   7.535328 -28.396789  -7.535328 
  7.516529 -35.552362  -7.516529   5.080721   7.516529  37.582647  -7.516529  21.143662   7.516529 -27.950447  -7.516529 
  7.495991 -35.763250  -7.495991   4.304885   7.495991  37.479957  -7.495991  21.732950   7.495991 -27.493098  -7.495991 
  7.473707 -35.964792  -7.473707   3.526156   7.473707  37.368533  -7.473707  22.311491   7.473707 -27.024711  -7.473707 
  7.449666 -36.157055  -7.449666   2.745047   7.449666  37.248332  -7.449666  22.879199   7.449666 -26.545261  -7.449666 
  7.423862 -36.340106  -7.423862   1.962080   7.423862  37.119310  -7.423862  23.435998   7.423862 -26.054733  -7.423862 
  7.396284 -36.514008  -7.396284   1.177782   7.396284  36.981418  -7.396284  23.981831   7.396284 -25.553118  -7.396284 
  7.366921 -36.678822  -7.366921   0.392683   7.366921  36.834607  -7.366921  24.516650   7.366921 -25.040420  -7.366921 
  7.335764 -36.834607  -7.335764  -0.392683   7.335764  36.678822  -7.335764  25.040420   7.335764 -24.516650  -7.335764 
  7.302802 -36.981418  -7.302802  -1.177782   7.302802  36.514008  -7.302802  25.553118   7.302802 -23.981831  -7.302802 
  7.268021 -37.119310  -7.268021  -1.962080   7.268021  36.340106  -7.268021  26.054733   7.268021 -23.435998  -7.268021 
  7.231411 -37.248332  -7.231411  -2.745047   7.231411  36.157055  -7.231411  26.545261   7.231411 -22.879199  -7.231411 
  7.192958 -37.368533  -7.192958  -3.526156   7.192958  35.964792  -7.192958  27.024711   7.192958 -22.311491  -7.192958 
  7.152650 -37.479957  -7.152650  -4.304885   7.152650  35.763250  -7.152650  27.493098   7.152650 -21.732950  -7.152650 
  7.110472 -37.582647  -7.110472  -5.080721   7.110472  35.552362  -7.110472  27.950447   7.110472 -21.143662  -7.110472 
  7.066412 -37.676641  -7.066412  -5.853158   7.066412  35.332058  -7.066412  28.396789   7.066412 -20.543730  -7.066412 
  7.020453 -37.761974  -7.020453  -6.621700   7.020453  35.102267  -7.020453  28.832162   7.020453 -19.933273  -7.020453 
  6.972583 -37.838681  -6.972583  -7.385863   6.972583  34.862915  -6.972583  29.256611   6.972583 -19.312425  -6.972583 
  6.922785 -37.906789  -6.922785  -8.145177   6.922785  34.613926  -6.922785  29.670185   6.922785 -18.681338  -6.922785 
  6.871045 -37.966327  -6.871045  -8.899184   6.871045  34.355226  -6.871045  30.072940   6.871045 -18.040180  -6.871045 
  6.817347 -38.017315  -6.817347  -9.647439   6.817347  34.086737  -6.817347  30.464936   6.817347 -17.389138  -6.817347 
  6.761676 -38.059776  -6.761676 -10.389517   6.761676  33.808382  -6.761676  30.846235   6.761676 -16.728416  -6.761676 
  6.704016 -38.093724  -6.704016 -11.125007   6.704016  33.520080  -6.704016  31.216904   6.704016 -16.058239  -6.704016 
  6.644351 -38.119173  -6.644351 -11.853516   6.644351  33.221755  -6.644351  31.577013   6.644351 -15.378848  -6.644351 
  6.582665 -38.136134  -6.582665 -12.574667   6.582665  32.913326  -6.582665  31.926635   6.582665 -14.690505  -6.582665 
  6.518943 -38.144613  -6.518943 -13.288105   6.518943  32.594715  -6.518943  32.265844   6.518943 -13.993490  -6.518943 
  6.453169 -38.144613  -6.453169 -13.993490   6.453169  32.265844  -6.453169  32.594715   6.453169 -13.288105  -6.453169 
  6.385327 -38.136134  -6.385327 -14.690505   6.385327  31.926635  -6.385327  32.913326   6.385327 -12.574667  -6.385327 
  6.315403 -38.119173  -6.315403 -15.378848   6.315403  31.577013  -6.315403  33.221755   6.315403 -11.853516  -6.315403 
  6.243381 -38.093724  -6.243381 -16.058239   6.243381  31.216904  -6.243381  33.520080   6.243381 -11.125007  -6.243381 
  6.169247 -38.059776  -6.169247 -16.728416   6.169247  30.846235  -6.169247  33.808382   6.169247 -10.389517  -6.169247 
  6.092987 -38.017315  -6.092987 -17.389138   6.092987  30.464936  -6.092987  34.086737   6.092987  -9.647439  -6.092987 
  6.014588 -37.966327  -6.014588 -18.040180   6.014588  30.072940  -6.014588  34.355226   6.014588  -8.899184  -6.014588 
  5.934037 -37.906789  -5.934037 -18.681338   5.934037  29.670185  -5.934037  34.613926   5.934037  -8.145177  -5.934037 
  5.851322 -37.838681  -5.851322 -19.312425   5.851322  29.256611  -5.851322  34.862915   5.851322  -7.385863  -5.851322 
  5.766432 -37.761974  -5.766432 -19.933273   5.766432  28.832162  -5.766432  35.102267   5.766432  -6.621700  -5.766432 
  5.679358 -37.676641  -5.679358 -20.543730   5.679358  28.396789  -5.679358  35.332058   5.679358  -5.853158  -5.679358 
  5.590089 -37.582647  -5.590089 -21.143662   5.590089  27.950447  -5.590089  35.552362   5.590089  -5.080721  -5.590089 
  5.498620 -37.479957  -5.498620 -21.732950   5.498620  27.493098  -5.498620  35.763250   5.498620  -4.304885  -5.498620 
  5.404942 -37.368533  -5.404942 -22.311491   5.404942  27.024711  -5.404942  35.964792   5.404942  -3.526156  -5.404942 
  5.309052 -37.248332  -5.309052 -22.879199   5.309052  26.545261  -5.309052  36.157055   5.309052  -2.745047  -5.309052 
  5.210947 -37.119310  -5.210947 -23.435998   5.210947  26.054733  -5.210947  36.340106   5.210947  -1.962080  -5.210947 
  5.110624 -36.981418  -5.110624 -23.981831   5.110624  25.553118  -5.110624  36.514008   5.110624  -1.177782  -5.110624 
  5.008084 -36.834607  -5.008084 -24.516650   5.008084  25.040420  -5.008084  36.678822   5.008084  -0.392683  -5.008084 
  4.903330 -36.678822  -4.903330 -25.040420   4.903330  24.516650  -4.903330  36.834607   4.903330   0.392683  -4.903330 
  4.796366 -36.514008  -4.796366 -25.553118   4.796366  23.981831  -4.796366  36.981418   4.796366   1.177782  -4.796366 
  4.687200 -36.340106  -4.687200 -26.054733   4.687200  23.435998  -4.687200  37.119310   4.687200   1.962080  -4.687200 
  4.575840 -36.157055  -4.575840 -26.545261   4.575840  22.879199  -4.575840  37.248332   4.575840   2.745047  -4.575840 
  4.462298 -35.964792  -4.462298 -27.024711   4.462298  22.311491  -4.462298  37.368533   4.462298   3.526156  -4.462298 
  4.346590 -35.763250  -4.346590 -27.493098   4.346590  21.732950  -4.346590  37.479957   4.346590   4.304885  -4.346590 
  4.228732 -35.552362  -4.228732 -27.950447   4.228732  21.143662  -4.228732  37.582647   4.228732   5.080721  -4.228732 
  4.108746 -35.332058  -4.108746 -28.396789   4.108746  20.543730  -4.108746  37.676641   4.108746   5.853158  -4.108746 
  3.986655 -35.102267  -3.986655 -28.832162   3.986655  19.933273  -3.986655  37.761974   3.986655   6.621700  -3.986655 
  3.862485 -34.862915  -3.862485 -29.256611   3.862485  19.312425  -3.862485  37.838681   3.862485   7.385863  -3.862485 
  3.736268 -34.613926  -3.736268 -29.670185   3.736268  18.681338  -3.736268  37.906789   3.736268   8.145177  -3.736268 
  3.608036 -34.355226  -3.608036 -30.072940   3.608036  18.040180  -3.608036  37.966327   3.608036   8.899184  -3.608036 
  3.477828 -34.086737  -3.477828 -30.464936   3.477828  17.389138  -3.477828  38.017315   3.477828   9.647439  -3.477828 
  3.345683 -33.808382  -3.345683 -30.846235   3.345683  16.728416  -3.345683  38.059776   3.345683  10.389517  -3.345683 
  3.211648 -33.520080  -3.211648 -31.216904   3.211648  16.058239  -3.211648  38.093724   3.211648  11.125007  -3.211648 
  3.075770 -33.221755  -3.075770 -31.577013   3.075770  15.378848  -3.075770  38.119173   3.075770  11.853516  -3.075770 
  2.938101 -32.913326  -2.938101 -31.926635   2.938101  14.690505  -2.938101  38.136134   2.938101  12.574667  -2.938101 
  2.798698 -32.594715  -2.798698 -32.265844   2.798698  13.993490  -2.798698  38.144613   2.798698  13.288105  -2.798698 
  2.657621 -32.265844  -2.657621 -32.594715   2.657621  13.288105  -2.657621  38.144613   2.657621  13.993490  -2.657621 
  2.514933 -31.926635  -2.514933 -32.913326   2.514933  12.574667  -2.514933  38.136134   2.514933  14.690505  -2.514933 
  2.370703 -31.577013  -2.370703 -33.221755   2.370703  11.853516  -2.370703  38.119173   2.370703  15.378848  -2.370703 
  2.225001 -31.216904  -2.225001 -33.520080   2.225001  11.125007  -2.225001  38.093724   2.225001  16.058239  -2.225001 
  2.077903 -30.846235  -2.077903 -33.808382   2.077903  10.389517  -2.077903  38.059776   2.077903  16.728416  -2.077903 
  1.929488 -30.464936  -1.929488 -34.086737   1.929488   9.647439  -1.929488  38.017315   1.929488  17.389138  -1.929488 
  1.779837 -30.072940  -1.779837 -34.355226   1.779837   8.899184  -1.779837  37.966327   1.779837  18.040180  -1.779837 
  1.629035 -29.670185  -1.629035 -34.613926   1.629035   8.145177  -1.629035  37.906789   1.629035  18.681338  -1.629035 
  1.477173 -29.256611  -1.477173 -34.862915   1.477173   7.385863  -1.477173  37.838681   1.477173  19.312425  -1.477173 
  1.324340 -28.832162  -1.324340 -35.102267   1.324340   6.621700  -1.324340  37.761974   1.324340  19.933273  -1.324340 
  1.170632 -28.396789  -1.170632 -35.332058   1.170632   5.853158  -1.170632  37.676641   1.170632  20.543730  -1.170632 
  1.016144 -27.950447  -1.016144 -35.552362   1.016144   5.080721  -1.016144  37.582647   1.016144  21.143662  -1.016144 
  0.860977 -27.493098  -0.860977 -35.763250   0.860977   4.304885  -0.860977  37.479957   0.860977  21.732950  -0.860977 
  0.705231 -27.024711  -0.705231 -35.964792   0.705231   3.526156  -0.705231  37.368533   0.705231  22.311491  -0.705231 
  0.549009 -26.545261  -0.549009 -36.157055   0.549009   2.745047  -0.549009  37.248332   0.549009  22.879199  -0.549009 
  0.392416 -26.054733  -0.392416 -36.340106   0.392416   1.962080  -0.392416  37.119310   0.392416  23.435998  -0.392416 
  0.235556 -25.553118  -0.235556 -36.514008   0.235556   1.177782  -0.235556  36.981418   0.235556  23.981831  -0.235556 
  0.078537 -25.040420  -0.078537 -36.678822   0.078537   0.392683  -0.078537  36.834607   0.078537  24.516650  -0.078537 
 -0.078537 -24.516650   0.078537 -36.834607  -0.078537  -0.392683   0.078537  36.678822  -0.078537  25.040420   0.078537 
 -0.235556 -23.981831   0.235556 -36.981418  -0.235556  -1.177782   0.235556  36.514008  -0.235556  25.553118   0.235556 
 -0.392416 -23.435998   0.392416 -37.119310  -0.392416  -1.962080   0.392416  36.340106  -0.392416  26.054733   0.392416 
 -0.549009 -22.879199   0.549009 -37.248332  -0.549009  -2.745047   0.549009  36.157055  -0.549009  26.545261   0.549009 
 -0.705231 -22.311491   0.705231 -37.368533  -0.705231  -3.526156   0.705231  35.964792  -0.705231  27.024711   0.705231 
 -0.860977 -21.732950   0.860977 -37.479957  -0.860977  -4.304885   0.860977  35.763250  -0.860977  27.493098   0.860977 
 -1.016144 -21.143662   1.016144 -37.582647  -1.016144  -5.080721   1.016144  35.552362  -1.016144  27.950447   1.016144 
 -1.170632 -20.543730   1.170632 -37.676641  -1.170632  -5.853158   1.170632  35.332058  -1.170632  28.396789   1.170632 
 -1.324340 -19.933273   1.324340 -37.761974  -1.324340  -6.621700   1.324340  35.102267  -1.324340  28.832162   1.324340 
 -1.477173 -19.312425   1.477173 -37.838681  -1.477173  -7.385863   1.477173  34.862915  -1.477173  29.256611   1.477173 
 -1.629035 -18.681338   1.629035 -37.906789  -1.629035  -8.145177   1.629035  34.613926  -1.629035  29.670185   1.629035 
 -1.779837 -18.040180   1.779837 -37.966327  -1.779837  -8.899184   1.779837  34.355226  -1.779837  30.072940   1.779837 
 -1.929488 -17.389138   1.929488 -38.017315  -1.929488  -9.647439   1.929488  34.086737  -1.929488  30.464936   1.929488 
 -2.077903 -16.728416   2.077903 -38.059776  -2.077903 -10.389517   2.077903  33.808382  -2.077903  30.846235   2.077903 
 -2.225001 -16.058239   2.225001 -38.093724  -2.225001 -11.125007   2.225001  33.520080  -2.225001  31.216904   2.225001 
 -2.370703 -15.378848   2.370703 -38.119173  -2.370703 -11.853516   2.370703  33.221755  -2.370703  31.577013   2.370703 
 -2.514933 -14.690505   2.514933 -38.136134  -2.514933 -12.574667   2.514933  32.913326  -2.514933  31.926635   2.514933 
 -2.657621 -13.993490   2.657621 -38.144613  -2.657621 -13.288105   2.657621  32.594715  -2.657621  32.265844   2.657621 
 -2.798698 -13.288105   2.798698 -38.144613  -2.798698 -13.993490   2.798698  32.265844  -2.798698  32.594715   2.798698 
 -2.938101 -12.574667   2.938101 -38.136134  -2.938101 -14.690505   2.938101  31.926635  -2.938101  32.913326   2.938101 
 -3.075770 -11.853516   3.075770 -38.119173  -3.075770 -15.378848   3.075770  31.577013  -3.075770  33.221755   3.075770 
 -3.211648 -11.125007   3.211648 -38.093724  -3.211648 -16.058239   3.211648  31.216904  -3.211648  33.520080   3.211648 
 -3.345683 -10.389517   3.345683 -38.059776  -3.345683 -16.728416   3.345683  30.846235  -3.345683  33.808382   3.345683 
 -3.477828  -9.647439   3.477828 -38.017315  -3.477828 -17.389138   3.477828  30.464936  -3.477828  34.086737   3.477828 
 -3.608036  -8.899184   3.608036 -37.966327  -3.608036 -18.040180   3.608036  30.072940  -3.608036  34.355226   3.608036 
 -3.736268  -8.145177   3.736268 -37.906789  -3.736268 -18.681338   3.736268  29.670185  -3.736268  34.613926   3.736268 
 -3.862485  -7.385863   3.862485 -37.838681  -3.862485 -19.312425   3.862485  29.256611  -3.862485  34.862915   3.862485 
 -3.986655  -6.621700   3.986655 -37.761974  -3.986655 -19.933273   3.986655  28.832162  -3.986655  35.102267   3.986655 
 -4.108746  -5.853158   4.108746 -37.676641  -4.108746 -20.543730   4.108746  28.396789  -4.108746  35.332058   4.108746 
 -4.228732  -5.080721   4.228732 -37.582647  -4.228732 -21.143662   4.228732  27.950447  -4.228732  35.552362   4.228732 
 -4.346590  -4.304885   4.346590 -37.479957  -4.346590 -21.732950   4.346590  27.493098  -4.346590  35.763250   4.346590 
 -4.462298  -3.526156   4.462298 -37.368533  -4.462298 -22.311491   4.462298  27.024711  -4.462298  35.964792   4.462298 
 -4.575840  -2.745047   4.575840 -37.248332  -4.575840 -22.879199   4.575840  26.545261  -4.575840  36.157055   4.575840 
 -4.687200  -1.962080   4.687200 -37.119310  -4.687200 -23.435998   4.687200  26.054733  -4.687200  36.340106   4.687200 
 -4.796366  -1.177782   4.796366 -36.981418  -4.796366 -23.981831   4.796366  25.553118  -4.796366  36.514008   4.796366 
 -4.903330  -0.392683   4.903330 -36.834607  -4.903330 -24.516650   4.903330  25.040420  -4.903330  36.678822   4.903330 
 -5.008084   0.392683   5.008084 -36.678822  -5.008084 -25.040420   5.008084  24.516650  -5.008084  36.834607   5.008084 
 -5.110624   1.177782   5.110624 -36.514008  -5.110624 -25.553118   5.110624  23.981831  -5.110624  36.981418   5.110624 
 -5.210947   1.962080   5.210947 -36.340106  -5.210947 -26.054733   5.210947  23.435998  -5.210947  37.119310   5.210947 
 -5.309052   2.745047   5.309052 -36.157055  -5.309052 -26.545261   5.309052  22.879199  -5.309052  37.248332   5.309052 
 -5.404942   3.526156   5.404942 -35.964792  -5.404942 -27.024711   5.404942  22.311491  -5.404942  37.368533   5.404942 
 -5.498620   4.304885   5.498620 -35.763250  -5.498620 -27.493098   5.498620  21.732950  -5.498620  37.479957   5.498620 
 -5.590089   5.080721   5.590089 -35.552362  -5.590089 -27.950447   5.590089  21.143662  -5.590089  37.582647   5.590089 
 -5.679358   5.853158   5.679358 -35.332058  -5.679358 -28.396789   5.679358  20.543730  -5.679358  37.676641   5.679358 
 -5.766432   6.621700   5.766432 -35.102267  -5.766432 -28.832162   5.766432  19.933273  -5.766432  37.761974   5.766432 
 -5.851322   7.385863   5.851322 -34.862915  -5.851322 -29.256611   5.851322  19.312425  -5.851322  37.838681   5.851322 
 -5.934037   8.145177   5.934037 -34.613926  -5.934037 -29.670185   5.934037  18.681338  -5.934037  37.906789   5.934037 
 -6.014588   8.899184   6.014588 -34.355226  -6.014588 -30.072940   6.014588  18.040180  -6.014588  37.966327   6.014588 
 -6.092987   9.647439   6.092987 -34.086737  -6.092987 -30.464936   6.092987  17.389138  -6.092987  38.017315   6.092987 
 -6.169247  10.389517   6.169247 -33.808382  -6.169247 -30.846235   6.169247  16.728416  -6.169247  38.059776   6.169247 
 -6.243381  11.125007   6.243381 -33.520080  -6.243381 -31.216904   6.243381  16.058239  -6.243381  38.093724   6.243381 
 -6.315403  11.853516   6.315403 -33.221755  -6.315403 -31.577013   6.315403  15.378848  -6.315403  38.119173   6.315403 
 -6.385327  12.574667   6.385327 -32.913326  -6.385327 -31.926635   6.385327  14.690505  -6.385327  38.136134   6.385327 
 -6.453169  13.288105   6.453169 -32.594715  -6.453169 -32.265844   6.453169  13.993490  -6.453169  38.144613   6.453169 
 -6.518943  13.993490   6.518943 -32.265844  -6.518943 -32.594715   6.518943  13.288105  -6.518943  38.144613   6.518943 
 -6.582665  14.690505   6.582665 -31.926635  -6.582665 -32.913326   6.582665  12.574667  -6.582665  38.136134   6.582665 
 -6.644351  15.378848   6.644351 -31.577013  -6.644351 -33.221755   6.644351  11.853516  -6.644351  38.119173   6.644351 
 -6.704016  16.058239   6.704016 -31.216904  -6.704016 -33.520080   6.704016  11.125007  -6.704016  38.093724   6.704016 
 -6.761676  16.728416   6.761676 -30.846235  -6.761676 -33.808382   6.761676  10.389517  -6.761676  38.059776   6.761676 
 -6.817347  17.389138   6.817347 -30.464936  -6.817347 -34.086737   6.817347   9.647439  -6.817347  38.017315   6.817347 
 -6.871045  18.040180   6.871045 -30.072940  -6.871045 -34.355226   6.871045   8.899184  -6.871045  37.966327   6.871045 
 -6.922785  18.681338   6.922785 -29.670185  -6.922785 -34.613926   6.922785   8.145177  -6.922785  37.906789   6.922785 
 -6.972583  19.312425   6.972583 -29.256611  -6.972583 -34.862915   6.972583   7.385863  -6.972583  37.838681   6.972583 
 -7.020453  19.933273   7.020453 -28.832162  -7.020453 -35.102267   7.020453   6.621700  -7.020453  37.761974   7.020453 
 -7.066412  20.543730   7.066412 -28.396789  -7.066412 -35.332058   7.066412   5.853158  -7.066412  37.676641   7.066412 
 -7.110472  21.143662   7.110472 -27.950447  -7.110472 -35.552362   7.110472   5.080721  -7.110472  37.582647   7.110472 
 -7.152650  21.732950   7.152650 -27.493098  -7.152650 -35.763250   7.152650   4.304885  -7.152650  37.479957   7.152650 
 -7.192958  22.311491   7.192958 -27.024711  -7.192958 -35.964792   7.192958   3.526156  -7.192958  37.368533   7.192958 
 -7.231411  22.879199   7.231411 -26.545261  -7.231411 -36.157055   7.231411   2.745047  -7.231411  37.248332   7.231411 
 -7.268021  23.435998   7.268021 -26.054733  -7.268021 -36.340106   7.268021   1.962080  -7.268021  37.119310   7.268021 
 -7.302802  23.981831   7.302802 -25.553118  -7.302802 -36.514008   7.302802   1.177782  -7.302802  36.981418   7.302802 
 -7.335764  24.516650   7.335764 -25.040420  -7.335764 -36.678822   7.335764   0.392683  -7.335764  36.834607   7.335764 
 -7.366921  25.040420   7.366921 -24.516650  -7.366921 -36.834607   7.366921  -0.392683  -7.366921  36.678822   7.366921 
 -7.396284  25.553118   7.396284 -23.981831  -7.396284 -36.981418   7.396284  -1.177782  -7.396284  36.514008   7.396284 
 -7.423862  26.054733   7.423862 -23.435998  -7.423862 -37.119310   7.423862  -1.962080  -7.423862  36.340106   7.423862 
 -7.449666  26.545261   7.449666 -22.879199  -7.449666 -37.248332   7.449666  -2.745047  -7.449666  36.157055   7.449666 
 -7.473707  27.024711   7.473707 -22.311491  -7.473707 -37.368533   7.473707  -3.526156  -7.473707  35.964792   7.473707 
 -7.495991  27.493098   7.495991 -21.732950  -7.495991 -37.479957   7.495991  -4.304885  -7.495991  35.763250   7.495991 
 -7.516529  27.950447   7.516529 -21.143662  -7.516529 -37.582647   7.516529  -5.080721  -7.516529  35.552362   7.516529 
 -7.535328  28.396789   7.535328 -20.543730  -7.535328 -37.676641   7.535328  -5.853158  -7.535328  35.332058   7.535328 
 -7.552395  28.832162   7.552395 -19.933273  -7.552395 -37.761974   7.552395  -6.621700  -7.552395  35.102267   7.552395 
 -7.567736  29.256611   7.567736 -19.312425  -7.567736 -37.838681   7.567736  -7.385863  -7.567736  34.862915   7.567736 
 -7.581358  29.670185   7.581358 -18.681338  -7.581358 -37.906789   7.581358  -8.145177  -7.581358  34.613926   7.581358 
 -7.593265  30.072940   7.593265 -18.040180  -7.593265 -37.966327   7.593265  -8.899184  -7.593265  34.355226   7.593265 
 -7.603463  30.464936   7.603463 -17.389138  -7.603463 -38.017315   7.603463  -9.647439  -7.603463  34.086737   7.603463 
 -7.611955  30.846235   7.611955 -16.728416  -7.611955 -38.059776   7.611955 -10.389517  -7.611955  33.808382   7.611955 
 -7.618745  31.216904   7.618745 -16.058239  -7.618745 -38.093724   7.618745 -11.125007  -7.618745  33.520080   7.618745 
 -7.623835  31.577013   7.623835 -15.378848  -7.623835 -38.119173   7.623835 -11.853516  -7.623835  33.221755   7.623835 
 -7.627227  31.926635   7.627227 -14.690505  -7.627227 -38.136134   7.627227 -12.574667  -7.627227  32.913326   7.627227 
 -7.628923  32.265844   7.628923 -13.993490  -7.628923 -38.144613   7.628923 -13.288105  -7.628923  32.594715   7.628923 
 -7.628923  32.594715   7.628923 -13.288105  -7.628923 -38.144613   7.628923 -13.993490  -7.628923  32.265844   7.628923 
 -7.627227  32.913326   7.627227 -12.574667  -7.627227 -38.136134   7.627227 -14.690505  -7.627227  31.926635   7.627227 
 -7.623835  33.221755   7.623835 -11.853516  -7.623835 -38.119173   7.623835 -15.378848  -7.623835  31.577013   7.623835 
 -7.618745  33.520080   7.618745 -11.125007  -7.618745 -38.093724   7.618745 -16.058239  -7.618745  31.216904   7.618745 
 -7.611955  33.808382   7.611955 -10.389517  -7.611955 -38.059776   7.611955 -16.728416  -7.611955  30.846235   7.611955 
 -7.603463  34.086737   7.603463  -9.647439  -7.603463 -38.017315   7.603463 -17.389138  -7.603463  30.464936   7.603463 
 -7.593265  34.355226   7.593265  -8.899184  -7.593265 -37.966327   7.593265 -18.040180  -7.593265  30.072940   7.593265 
 -7.581358  34.613926   7.581358  -8.145177  -7.581358 -37.906789   7.581358 -18.681338  -7.581358  29.670185   7.581358 
 -7.567736  34.862915   7.567736  -7.385863  -7.567736 -37.838681   7.567736 -19.312425  -7.567736  29.256611   7.567736 
 -7.552395  35.102267   7.552395  -6.621700  -7.552395 -37.761974   7.552395 -19.933273  -7.552395  28.832162   7.552395 
 -7.535328  35.332058   7.535328  -5.853158  -7.535328 -37.676641   7.535328 -20.543730  -7.535328  28.396789   7.535328 
 -7.516529  35.552362   7.516529  -5.080721  -7.516529 -37.582647   7.516529 -21.143662  -7.516529  27.950447   7.516529 
 -7.495991  35.763250   7.495991  -4.304885  -7.495991 -37.479957   7.495991 -21.732950  -7.495991  27.493098   7.495991 
 -7.473707  35.964792   7.473707  -3.526156  -7.473707 -37.368533   7.473707 -22.311491  -7.473707  27.024711   7.473707 
 -7.449666  36.157055   7.449666  -2.745047  -7.449666 -37.248332   7.449666 -22.879199  -7.449666  26.545261   7.449666 
 -7.423862  36.340106   7.423862  -1.962080  -7.423862 -37.119310   7.423862 -23.435998  -7.423862  26.054733   7.423862 
 -7.396284  36.514008   7.396284  -1.177782  -7.396284 -36.981418   7.396284 -23.981831  -7.396284  25.553118   7.396284 
 -7.366921  36.678822   7.366921  -0.392683  -7.366921 -36.834607   7.366921 -24.516650  -7.366921  25.040420   7.366921 
 -7.335764  36.834607   7.335764   0.392683  -7.335764 -36.678822   7.335764 -25.040420  -7.335764  24.516650   7.335764 
 -7.302802  36.981418   7.302802   1.177782  -7.302802 -36.514008   7.302802 -25.553118  -7.302802  23.981831   7.302802 
 -7.268021  37.119310   7.268021   1.962080  -7.268021 -36.340106   7.268021 -26.054733  -7.268021  23.435998   7.268021 
 -7.231411  37.248332   7.231411   2.745047  -7.231411 -36.157055   7.231411 -26.545261  -7.231411  22.879199   7.231411 
 -7.192958  37.368533   7.192958   3.526156  -7.192958 -35.964792   7.192958 -27.024711  -7.192958  22.311491   7.192958 
 -7.152650  37.479957   7.152650   4.304885  -7.152650 -35.763250   7.152650 -27.493098  -7.152650  21.732950   7.152650 
 -7.110472  37.582647   7.110472   5.080721  -7.110472 -35.552362   7.110472 -27.950447  -7.110472  21.143662   7.110472 
 -7.066412  37.676641   7.066412   5.853158  -7.066412 -35.332058   7.066412 -28.396789  -7.066412  20.543730   7.066412 
 -7.020453  37.761974   7.020453   6.621700  -7.020453 -35.102267   7.020453 -28.832162  -7.020453  19.933273   7.020453 
 -6.972583  37.838681   6.972583   7.385863  -6.972583 -34.862915   6.972583 -29.256611  -6.972583  19.312425   6.972583 
 -6.922785  37.906789   6.922785   8.145177  -6.922785 -34.613926   6.922785 -29.670185  -6.922785  18.681338   6.922785 
 -6.871045  37.966327   6.871045   8.899184  -6.871045 -34.355226   6.871045 -30.072940  -6.871045  18.040180   6.871045 
 -6.817347  38.017315   6.817347   9.647439  -6.817347 -34.086737   6.817347 -30.464936  -6.817347  17.389138   6.817347 
 -6.761676  38.059776   6.761676  10.389517  -6.761676 -33.808382   6.761676 -30.846235  -6.761676  16.728416   6.761676 
 -6.704016  38.093724   6.704016  11.125007  -6.704016 -33.520080   6.704016 -31.216904  -6.704016  16.058239   6.704016 
 -6.644351  38.119173   6.644351  11.853516  -6.644351 -33.221755   6.644351 -31.577013  -6.644351  15.378848   6.644351 
 -6.582665  38.136134   6.582665  12.574667  -6.582665 -32.913326   6.582665 -31.926635  -6.582665  14.690505   6.582665 
 -6.518943  38.144613   6.518943  13.288105  -6.518943 -32.594715   6.518943 -32.265844  -6.518943  13.993490   6.518943 
 -6.453169  38.144613   6.453169  13.993490  -6.453169 -32.265844   6.453169 -32.594715  -6.453169  13.288105   6.453169 
 -6.385327  38.136134   6.385327  14.690505  -6.385327 -31.926635   6.385327 -32.913326  -6.385327  12.574667   6.385327 
 -6.315403  38.119173   6.315403  15.378848  -6.315403 -31.577013   6.315403 -33.221755  -6.315403  11.853516   6.315403 
 -6.243381  38.093724   6.243381  16.058239  -6.243381 -31.216904   6.243381 -33.520080  -6.243381  11.125007   6.243381 
 -6.169247  38.059776   6.169247  16.728416  -6.169247 -30.846235   6.169247 -33.808382  -6.169247  10.389517   6.169247 
 -6.092987  38.017315   6.092987  17.389138  -6.092987 -30.464936   6.092987 -34.086737  -6.092987   9.647439   6.092987 
 -6.014588  37.966327   6.014588  18.040180  -6.014588 -30.072940   6.014588 -34.355226  -6.014588   8.899184   6.014588 
 -5.934037  37.906789   5.934037  18.681338  -5.934037 -29.670185   5.934037 -34.613926  -5.934037   8.145177   5.934037 
 -5.851322  37.838681   5.851322  19.312425  -5.851322 -29.256611   5.851322 -34.862915  -5.851322   7.385863   5.851322 
 -5.766432  37.761974   5.766432  19.933273  -5.766432 -28.832162   5.766432 -35.102267  -5.766432   6.621700   5.766432 
 -5.679358  37.676641   5.679358  20.543730  -5.679358 -28.396789   5.679358 -35.332058  -5.679358   5.853158   5.679358 
 -5.590089  37.582647   5.590089  21.143662  -5.590089 -27.950447   5.590089 -35.552362  -5.590089   5.080721   5.590089 
 -5.498620  37.479957   5.498620  21.732950  -5.498620 -27.493098   5.498620 -35.763250  -5.498620   4.304885   5.498620 
 -5.404942  37.368533   5.404942  22.311491  -5.404942 -27.024711   5.404942 -35.964792  -5.404942   3.526156   5.404942 
 -5.309052  37.248332   5.309052  22.879199  -5.309052 -26.545261   5.309052 -36.157055  -5.309052   2.745047   5.309052 
 -5.210947  37.119310   5.210947  23.435998  -5.210947 -26.054733   5.210947 -36.340106  -5.210947   1.962080   5.210947 
 -5.110624  36.981418   5.110624  23.981831  -5.110624 -25.553118   5.110624 -36.514008  -5.110624   1.177782   5.110624 
 -5.008084  36.834607   5.008084  24.516650  -5.008084 -25.040420   5.008084 -36.678822  -5.008084   0.392683   5.008084 
 -4.903330  36.678822   4.903330  25.040420  -4.903330 -24.516650   4.903330 -36.834607  -4.903330  -0.392683   4.903330 
 -4.796366  36.514008   4.796366  25.553118  -4.796366 -23.981831   4.796366 -36.981418  -4.796366  -1.177782   4.796366 
 -4.687200  36.340106   4.687200  26.054733  -4.687200 -23.435998   4.687200 -37.119310  -4.687200  -1.962080   4.687200 
 -4.575840  36.157055   4.575840  26.545261  -4.575840 -22.879199   4.575840 -37.248332  -4.575840  -2.745047   4.575840 
 -4.462298  35.964792   4.462298  27.024711  -4.462298 -22.311491   4.462298 -37.368533  -4.462298  -3.526156   4.462298 
 -4.346590  35.763250   4.346590  27.493098  -4.346590 -21.732950   4.346590 -37.479957  -4.346590  -4.304885   4.346590 
 -4.228732  35.552362   4.228732  27.950447  -4.228732 -21.143662   4.228732 -37.582647  -4.228732  -5.080721   4.228732 
 -4.108746  35.332058   4.108746  28.396789  -4.108746 -20.543730   4.108746 -37.676641  -4.108746  -5.853158   4.108746 
 -3.986655  35.102267   3.986655  28.832162  -3.986655 -19.933273   3.986655 -37.761974  -3.986655  -6.621700   3.986655 
 -3.862485  34.862915   3.862485  29.256611  -3.862485 -19.312425   3.862485 -37.838681  -3.862485  -7.385863   3.862485 
 -3.736268  34.613926   3.736268  29.670185  -3.736268 -18.681338   3.736268 -37.906789  -3.736268  -8.145177   3.736268 
 -3.608036  34.355226   3.608036  30.072940  -3.608036 -18.040180   3.608036 -37.966327  -3.608036  -8.899184   3.608036 
 -3.477828  34.086737   3.477828  30.464936  -3.477828 -17.389138   3.477828 -38.017315  -3.477828  -9.647439   3.477828 
 -3.345683  33.808382   3.345683  30.846235  -3.345683 -16.728416   3.345683 -38.059776  -3.345683 -10.389517   3.345683 
 -3.211648  33.520080   3.211648  31.216904  -3.211648 -16.058239   3.211648 -38.093724  -3.211648 -11.125007   3.211648 
 -3.075770  33.221755   3.075770  31.577013  -3.075770 -15.378848   3.075770 -38.119173  -3.075770 -11.853516   3.075770 
 -2.938101  32.913326   2.938101  31.926635  -2.938101 -14.690505   2.938101 -38.136134  -2.938101 -12.574667   2.938101 
 -2.798698  32.594715   2.798698  32.265844  -2.798698 -13.993490   2.798698 -38.144613  -2.798698 -13.288105   2.798698 
 -2.657621  32.265844   2.657621  32.594715  -2.657621 -13.288105   2.657621 -38.144613  -2.657621 -13.993490   2.657621 
 -2.514933  31.926635   2.514933  32.913326  -2.514933 -12.574667   2.514933 -38.136134  -2.514933 -14.690505   2.514933 
 -2.370703  31.577013   2.370703  33.221755  -2.370703 -11.853516   2.370703 -38.119173  -2.370703 -15.378848   2.370703 
 -2.225001  31.216904   2.225001  33.520080  -2.225001 -11.125007   2.225001 -38.093724  -2.225001 -16.058239   2.225001 
 -2.077903  30.846235   2.077903  33.808382  -2.077903 -10.389517   2.077903 -38.059776  -2.077903 -16.728416   2.077903 
 -1.929488  30.464936   1.929488  34.086737  -1.929488  -9.647439   1.929488 -38.017315  -1.929488 -17.389138   1.929488 
 -1.779837  30.072940   1.779837  34.355226  -1.779837  -8.899184   1.779837 -37.966327  -1.779837 -18.040180   1.779837 
 -1.629035  29.670185   1.629035  34.613926  -1.629035  -8.145177   1.629035 -37.906789  -1.629035 -18.681338   1.629035 
 -1.477173  29.256611   1.477173  34.862915  -1.477173  -7.385863   1.477173 -37.838681  -1.477173 -19.312425   1.477173 
 -1.324340  28.832162   1.324340  35.102267  -1.324340  -6.621700   1.324340 -37.761974  -1.324340 -19.933273   1.324340 
 -1.170632  28.396789   1.170632  35.332058  -1.170632  -5.853158   1.170632 -37.676641  -1.170632 -20.543730   1.170632 
 -1.016144  27.950447   1.016144  35.552362  -1.016144  -5.080721   1.016144 -37.582647  -1.016144 -21.143662   1.016144 
 -0.860977  27.493098   0.860977  35.763250  -0.860977  -4.304885   0.860977 -37.479957  -0.860977 -21.732950   0.860977 
 -0.705231  27.024711   0.705231  35.964792  -0.705231  -3.526156   0.705231 -37.368533  -0.705231 -22.311491   0.705231 
 -0.549009  26.545261   0.549009  36.157055  -0.549009  -2.745047   0.549009 -37.248332  -0.549009 -22.879199   0.549009 
 -0.392416  26.054733   0.392416  36.340106  -0.392416  -1.962080   0.392416 -37.119310  -0.392416 -23.435998   0.392416 
 -0.235556  25.553118   0.235556  36.514008  -0.235556  -1.177782   0.235556 -36.981418  -0.235556 -23.981831   0.235556 
 -0.078537  25.040420   0.078537  36.678822  -0.078537  -0.392683   0.078537 -36.834607  -0.078537 -24.516650   0.078537 
  0.078537  24.516650  -0.078537  36.834607   0.078537   0.392683  -0.078537 -36.678822   0.078537 -25.040420  -0.078537 
  0.235556  23.981831  -0.235556  36.981418   0.235556   1.177782  -0.235556 -36.514008   0.235556 -25.553118  -0.235556 
  0.392416  23.435998  -0.392416  37.119310   0.392416   1.962080  -0.392416 -36.340106   0.392416 -26.054733  -0.392416 
  0.549009  22.879199  -0.549009  37.248332   0.549009   2.745047  -0.549009 -36.157055   0.549009 -26.545261  -0.549009 
  0.705231  22.311491  -0.705231  37.368533   0.705231   3.526156  -0.705231 -35.964792   0.705231 -27.024711  -0.705231 
  0.860977  21.732950  -0.860977  37.479957   0.860977   4.304885  -0.860977 -35.763250   0.860977 -27.493098  -0.860977 
  1.016144  21.143662  -1.016144  37.582647   1.016144   5.080721  -1.016144 -35.552362   1.016144 -27.950447  -1.016144 
  1.170632  20.543730  -1.170632  37.676641   1.170632   5.853158  -1.170632 -35.332058   1.170632 -28.396789  -1.170632 
  1.324340  19.933273  -1.324340  37.761974   1.324340   6.621700  -1.324340 -35.102267   1.324340 -28.832162  -1.324340 
  1.477173  19.312425  -1.477173  37.838681   1.477173   7.385863  -1.477173 -34.862915   1.477173 -29.256611  -1.477173 
  1.629035  18.681338  -1.629035  37.906789   1.629035   8.145177  -1.629035 -34.613926   1.629035 -29.670185  -1.629035 
  1.779837  18.040180  -1.779837  37.966327   1.779837   8.899184  -1.779837 -34.355226   1.779837 -30.072940  -1.779837 
  1.929488  17.389138  -1.929488  38.017315   1.929488   9.647439  -1.929488 -34.086737   1.929488 -30.464936  -1.929488 
  2.077903  16.728416  -2.077903  38.059776   2.077903  10.389517  -2.077903 -33.808382   2.077903 -30.846235  -2.077903 
  2.225001  16.058239  -2.225001  38.093724   2.225001  11.125007  -2.225001 -33.520080   2.225001 -31.216904  -2.225001 
  2.370703  15.378848  -2.370703  38.119173   2.370703  11.853516  -2.370703 -33.221755   2.370703 -31.577013  -2.370703 
  2.514933  14.690505  -2.514933  38.136134   2.514933  12.574667  -2.514933 -32.913326   2.514933 -31.926635  -2.514933 
  2.657621  13.993490  -2.657621  38.144613   2.657621  13.288105  -2.657621 -32.594715   2.657621 -32.265844  -2.657621 
  2.798698  13.288105  -2.798698  38.144613   2.798698  13.993490  -2.798698 -32.265844   2.798698 -32.594715  -2.798698 
  2.938101  12.574667  -2.938101  38.136134   2.938101  14.690505  -2.938101 -31.926635   2.938101 -32.913326  -2.938101 
  3.075770  11.853516  -3.075770  38.119173   3.075770  15.378848  -3.075770 -31.577013   3.075770 -33.221755  -3.075770 
  3.211648  11.125007  -3.211648  38.093724   3.211648  16.058239  -3.211648 -31.216904   3.211648 -33.520080  -3.211648 
  3.345683  10.389517  -3.345683  38.059776   3.345683  16.728416  -3.345683 -30.846235   3.345683 -33.808382  -3.345683 
  3.477828   9.647439  -3.477828  38.017315   3.477828  17.389138  -3.477828 -30.464936   3.477828 -34.086737  -3.477828 
  3.608036   8.899184  -3.608036  37.966327   3.608036  18.040180  -3.608036 -30.072940   3.608036 -34.355226  -3.608036 
  3.736268   8.145177  -3.736268  37.906789   3.736268  18.681338  -3.736268 -29.670185   3.736268 -34.613926  -3.736268 
  3.862485   7.385863  -3.862485  37.838681   3.862485  19.312425  -3.862485 -29.256611   3.862485 -34.862915  -3.862485 
  3.986655   6.621700  -3.986655  37.761974   3.986655  19.933273  -3.986655 -28.832162   3.986655 -35.102267  -3.986655 
  4.108746   5.853158  -4.108746  37.676641   4.108746  20.543730  -4.108746 -28.396789   4.108746 -35.332058  -4.108746 
  4.228732   5.080721  -4.228732  37.582647   4.228732  21.143662  -4.228732 -27.950447   4.228732 -35.552362  -4.228732 
  4.346590   4.304885  -4.346590  37.479957   4.346590  21.732950  -4.346590 -27.493098   4.346590 -35.763250  -4.346590 
  4.462298   3.526156  -4.462298  37.368533   4.462298  22.311491  -4.462298 -27.024711   4.462298 -35.964792  -4.462298 
  4.575840   2.745047  -4.575840  37.248332   4.575840  22.879199  -4.575840 -26.545261   4.575840 -36.157055  -4.575840 
  4.687200   1.962080  -4.687200  37.119310   4.687200  23.435998  -4.687200 -26.054733   4.687200 -36.340106  -4.687200 
  4.796366   1.177782  -4.796366  36.981418   4.796366  23.981831  -4.796366 -25.553118   4.796366 -36.514008  -4.796366 
  4.903330   0.392683  -4.903330  36.834607   4.903330  24.516650  -4.903330 -25.040420   4.903330 -36.678822  -4.903330 
  5.008084  -0.392683  -5.008084  36.678822   5.008084  25.040420  -5.008084 -24.516650   5.008084 -36.834607  -5.008084 
  5.110624  -1.177782  -5.110624  36.514008   5.110624  25.553118  -5.110624 -23.981831   5.110624 -36.981418  -5.110624 
  5.210947  -1.962080  -5.210947  36.340106   5.210947  26.054733  -5.210947 -23.435998   5.210947 -37.119310  -5.210947 
  5.309052  -2.745047  -5.309052  36.157055   5.309052  26.545261  -5.309052 -22.879199   5.309052 -37.248332  -5.309052 
  5.404942  -3.526156  -5.404942  35.964792   5.404942  27.024711  -5.404942 -22.311491   5.404942 -37.368533  -5.404942 
  5.498620  -4.304885  -5.498620  35.763250   5.498620  27.493098  -5.498620 -21.732950   5.498620 -37.479957  -5.498620 
  5.590089  -5.080721  -5.590089  35.552362   5.590089  27.950447  -5.590089 -21.143662   5.590089 -37.582647  -5.590089 
  5.679358  -5.853158  -5.679358  35.332058   5.679358  28.396789  -5.679358 -20.543730   5.679358 -37.676641  -5.679358 
  5.766432  -6.621700  -5.766432  35.102267   5.766432  28.832162  -5.766432 -19.933273   5.766432 -37.761974  -5.766432 
  5.851322  -7.385863  -5.851322  34.862915   5.851322  29.256611  -5.851322 -19.312425   5.851322 -37.838681  -5.851322 
  5.934037  -8.145177  -5.934037  34.613926   5.934037  29.670185  -5.934037 -18.681338   5.934037 -37.906789  -5.934037 
  6.014588  -8.899184  -6.014588  34.355226   6.014588  30.072940  -6.014588 -18.040180   6.014588 -37.966327  -6.014588 
  6.092987  -9.647439  -6.092987  34.086737   6.092987  30.464936  -6.092987 -17.389138   6.092987 -38.017315  -6.092987 
  6.169247 -10.389517  -6.169247  33.808382   6.169247  30.846235  -6.169247 -16.728416   6.169247 -38.059776  -6.169247 
  6.243381 -11.125007  -6.243381  33.520080   6.243381  31.216904  -6.243381 -16.058239   6.243381 -38.093724  -6.243381 
  6.315403 -11.853516  -6.315403  33.221755   6.315403  31.577013  -6.315403 -15.378848   6.315403 -38.119173  -6.315403 
  6.385327 -12.574667  -6.385327  32.913326   6.385327  31.926635  -6.385327 -14.690505   6.385327 -38.136134  -6.385327 
  6.453169 -13.288105  -6.453169  32.594715   6.453169  32.265844  -6.453169 -13.993490   6.453169 -38.144613  -6.453169 
