536 464 486 619 536 620 486 467 536 384 486 
536 462 486 617 536 621 486 469 536 384 486 
536 460 486 616 536 622 486 471 536 384 486 
536 457 486 615 536 623 486 474 536 384 486 
536 455 486 614 536 624 486 476 536 384 486 
536 453 486 613 536 625 486 479 536 384 486 
536 451 486 611 536 626 486 481 536 384 486 
536 449 486 610 536 626 486 484 536 385 486 
536 447 486 609 536 627 486 486 536 385 486 
536 445 486 607 536 628 486 489 536 385 486 
536 443 486 606 536 629 486 491 536 385 486 
536 441 486 604 536 630 486 494 536 386 486 
536 439 486 603 536 630 486 497 536 386 486 
536 437 486 601 536 631 486 499 536 386 486 
536 435 486 599 536 632 486 502 536 387 486 
536 433 486 598 536 632 486 504 536 387 486 
536 431 486 596 536 633 486 507 536 388 486 
536 429 486 594 536 633 486 510 536 388 486 
535 428 487 593 535 634 487 512 535 389 487 
535 426 487 591 535 634 487 515 535 389 487 
535 424 487 589 535 635 487 518 535 390 487 
535 423 487 587 535 635 487 520 535 390 487 
535 421 487 585 535 636 487 523 535 391 487 
535 419 487 583 535 636 487 525 535 392 487 
535 418 487 581 535 636 487 528 535 392 487 
535 416 487 579 535 637 487 531 535 393 487 
534 415 488 577 534 637 488 533 534 394 488 
534 413 488 575 534 637 488 536 534 395 488 
534 412 488 573 534 637 488 538 534 396 488 
534 411 488 571 534 638 488 541 534 396 488 
534 409 488 569 534 638 488 543 534 397 488 
534 408 488 567 534 638 488 546 534 398 488 
533 407 489 565 533 638 489 548 533 399 489 
533 406 489 562 533 638 489 551 533 400 489 
533 405 489 560 533 638 489 553 533 401 489 
533 403 489 558 533 638 489 555 533 402 489 
533 384 489 555 533 638 489 558 533 403 489 
532 384 490 553 532 638 490 560 532 405 490 
532 384 490 551 532 638 490 562 532 406 490 
532 384 490 548 532 638 490 565 532 407 490 
532 384 490 546 532 638 490 567 532 408 490 
531 384 491 543 531 638 491 569 531 409 491 
531 384 491 541 531 638 491 571 531 411 491 
531 385 491 538 531 637 491 573 531 412 491 
531 385 491 536 531 637 491 575 531 413 491 
530 385 492 533 530 637 492 577 530 415 492 
530 385 492 531 530 637 492 579 530 416 492 
530 386 492 528 530 636 492 581 530 418 492 
529 386 493 525 529 636 493 583 529 419 493 
529 386 493 523 529 636 493 585 529 421 493 
529 387 493 520 529 635 493 587 529 423 493 
528 387 494 518 528 635 494 589 528 424 494 
528 388 494 515 528 634 494 591 528 426 494 
528 388 494 512 528 634 494 593 528 428 494 
527 389 495 510 527 633 495 594 527 429 495 
527 389 495 507 527 633 495 596 527 431 495 
527 390 495 504 527 632 495 598 527 433 495 
526 390 496 502 526 632 496 599 526 435 496 
526 391 496 499 526 631 496 601 526 437 496 
525 392 497 497 525 630 497 603 525 439 497 
525 392 497 494 525 630 497 604 525 441 497 
525 393 497 491 525 629 497 606 525 443 497 
524 394 498 489 524 628 498 607 524 445 498 
524 395 498 486 524 627 498 609 524 447 498 
523 396 499 484 523 626 499 610 523 449 499 
523 396 499 481 523 626 499 611 523 451 499 
523 397 499 479 523 625 499 613 523 453 499 
522 398 500 476 522 624 500 614 522 455 500 
522 399 500 474 522 623 500 615 522 457 500 
521 400 501 471 521 622 501 616 521 460 501 
521 401 501 469 521 621 501 617 521 462 501 
520 402 502 467 520 620 502 619 520 464 502 
520 403 502 464 520 619 502 620 520 467 502 
519 405 503 462 519 617 503 621 519 469 503 
519 406 503 460 519 616 503 622 519 471 503 
518 407 504 457 518 615 504 623 518 474 504 
518 408 504 455 518 614 504 624 518 476 504 
517 409 505 453 517 613 505 625 517 479 505 
517 411 505 451 517 611 505 626 517 481 505 
516 412 506 449 516 610 506 626 516 484 506 
516 413 506 447 516 609 506 627 516 486 506 
515 415 507 445 515 607 507 628 515 489 507 
515 416 507 443 515 606 507 629 515 491 507 
514 418 508 441 514 604 508 630 514 494 508 
514 419 508 439 514 603 508 630 514 497 508 
513 421 509 437 513 601 509 631 513 499 509 
513 423 509 435 513 599 509 632 513 502 509 
512 424 510 433 512 598 510 632 512 504 510 
512 426 510 431 512 596 510 633 512 507 510 
511 428 511 429 511 594 511 633 511 510 511 
511 429 511 428 511 593 511 634 511 512 511 
510 431 512 426 510 591 512 634 510 515 512 
510 433 512 424 510 589 512 635 510 518 512 
509 435 513 423 509 587 513 635 509 520 513 
509 437 513 421 509 585 513 636 509 523 513 
508 439 514 419 508 583 514 636 508 525 514 
508 441 514 418 508 581 514 636 508 528 514 
507 443 515 416 507 579 515 637 507 531 515 
507 445 515 415 507 577 515 637 507 533 515 
506 447 516 413 506 575 516 637 506 536 516 
506 449 516 412 506 573 516 637 506 538 516 
505 451 517 411 505 571 517 638 505 541 517 
505 453 517 409 505 569 517 638 505 543 517 
504 455 518 408 504 567 518 638 504 546 518 
504 457 518 407 504 565 518 638 504 548 518 
503 460 519 406 503 562 519 638 503 551 519 
503 462 519 405 503 560 519 638 503 553 519 
502 464 520 403 502 558 520 638 502 555 520 
502 467 520 384 502 555 520 638 502 558 520 
501 469 521 384 501 553 521 638 501 560 521 
501 471 521 384 501 551 521 638 501 562 521 
500 474 522 384 500 548 522 638 500 565 522 
500 476 522 384 500 546 522 638 500 567 522 
499 479 523 384 499 543 523 638 499 569 523 
499 481 523 384 499 541 523 638 499 571 523 
499 484 523 385 499 538 523 637 499 573 523 
498 486 524 385 498 536 524 637 498 575 524 
498 489 524 385 498 533 524 637 498 577 524 
497 491 525 385 497 531 525 637 497 579 525 
497 494 525 386 497 528 525 636 497 581 525 
497 497 525 386 497 525 525 636 497 583 525 
496 499 526 386 496 523 526 636 496 585 526 
496 502 526 387 496 520 526 635 496 587 526 
495 504 527 387 495 518 527 635 495 589 527 
495 507 527 388 495 515 527 634 495 591 527 
495 510 527 388 495 512 527 634 495 593 527 
494 512 528 389 494 510 528 633 494 594 528 
494 515 528 389 494 507 528 633 494 596 528 
494 518 528 390 494 504 528 632 494 598 528 
493 520 529 390 493 502 529 632 493 599 529 
493 523 529 391 493 499 529 631 493 601 529 
493 525 529 392 493 497 529 630 493 603 529 
492 528 530 392 492 494 530 630 492 604 530 
492 531 530 393 492 491 530 629 492 606 530 
492 533 530 394 492 489 530 628 492 607 530 
491 536 531 395 491 486 531 627 491 609 531 
491 538 531 396 491 484 531 626 491 610 531 
491 541 531 396 491 481 531 626 491 611 531 
491 543 531 397 491 479 531 625 491 613 531 
490 546 532 398 490 476 532 624 490 614 532 
490 548 532 399 490 474 532 623 490 615 532 
490 551 532 400 490 471 532 622 490 616 532 
490 553 532 401 490 469 532 621 490 617 532 
489 555 533 402 489 467 533 620 489 619 533 
489 558 533 403 489 464 533 619 489 620 533 
489 560 533 405 489 462 533 617 489 621 533 
489 562 533 406 489 460 533 616 489 622 533 
489 565 533 407 489 457 533 615 489 623 533 
488 567 534 408 488 455 534 614 488 624 534 
488 569 534 409 488 453 534 613 488 625 534 
488 571 534 411 488 451 534 611 488 626 534 
488 573 534 412 488 449 534 610 488 626 534 
488 575 534 413 488 447 534 609 488 627 534 
488 577 534 415 488 445 534 607 488 628 534 
487 579 535 416 487 443 535 606 487 629 535 
487 581 535 418 487 441 535 604 487 630 535 
487 583 535 419 487 439 535 603 487 630 535 
487 585 535 421 487 437 535 601 487 631 535 
487 587 535 423 487 435 535 599 487 632 535 
487 589 535 424 487 433 535 598 487 632 535 
487 591 535 426 487 431 535 596 487 633 535 
487 593 535 428 487 429 535 594 487 633 535 
486 594 536 429 486 428 536 593 486 634 536 
486 596 536 431 486 426 536 591 486 634 536 
486 598 536 433 486 424 536 589 486 635 536 
486 599 536 435 486 423 536 587 486 635 536 
486 601 536 437 486 421 536 585 486 636 536 
486 603 536 439 486 419 536 583 486 636 536 
486 604 536 441 486 418 536 581 486 636 536 
486 606 536 443 486 416 536 579 486 637 536 
486 607 536 445 486 415 536 577 486 637 536 
486 609 536 447 486 413 536 575 486 637 536 
486 610 536 449 486 412 536 573 486 637 536 
486 611 536 451 486 411 536 571 486 638 536 
486 613 536 453 486 409 536 569 486 638 536 
486 614 536 455 486 408 536 567 486 638 536 
486 615 536 457 486 407 536 565 486 638 536 
486 616 536 460 486 406 536 562 486 638 536 
486 617 536 462 486 405 536 560 486 638 536 
486 619 536 464 486 403 536 558 486 638 536 
486 620 536 467 486 384 536 555 486 638 536 
486 621 536 469 486 384 536 553 486 638 536 
486 622 536 471 486 384 536 551 486 638 536 
486 623 536 474 486 384 536 548 486 638 536 
486 624 536 476 486 384 536 546 486 638 536 
486 625 536 479 486 384 536 543 486 638 536 
486 626 536 481 486 384 536 541 486 638 536 
486 626 536 484 486 385 536 538 486 637 536 
486 627 536 486 486 385 536 536 486 637 536 
486 628 536 489 486 385 536 533 486 637 536 
486 629 536 491 486 385 536 531 486 637 536 
486 630 536 494 486 386 536 528 486 636 536 
486 630 536 497 486 386 536 525 486 636 536 
486 631 536 499 486 386 536 523 486 636 536 
486 632 536 502 486 387 536 520 486 635 536 
486 632 536 504 486 387 536 518 486 635 536 
486 633 536 507 486 388 536 515 486 634 536 
486 633 536 510 486 388 536 512 486 634 536 
487 634 535 512 487 389 535 510 487 633 535 
487 634 535 515 487 389 535 507 487 633 535 
487 635 535 518 487 390 535 504 487 632 535 
487 635 535 520 487 390 535 502 487 632 535 
487 636 535 523 487 391 535 499 487 631 535 
487 636 535 525 487 392 535 497 487 630 535 
487 636 535 528 487 392 535 494 487 630 535 
487 637 535 531 487 393 535 491 487 629 535 
488 637 534 533 488 394 534 489 488 628 534 
488 637 534 536 488 395 534 486 488 627 534 
488 637 534 538 488 396 534 484 488 626 534 
488 638 534 541 488 396 534 481 488 626 534 
488 638 534 543 488 397 534 479 488 625 534 
488 638 534 546 488 398 534 476 488 624 534 
489 638 533 548 489 399 533 474 489 623 533 
489 638 533 551 489 400 533 471 489 622 533 
489 638 533 553 489 401 533 469 489 621 533 
489 638 533 555 489 402 533 467 489 620 533 
489 638 533 558 489 403 533 464 489 619 533 
490 638 532 560 490 405 532 462 490 617 532 
490 638 532 562 490 406 532 460 490 616 532 
490 638 532 565 490 407 532 457 490 615 532 
490 638 532 567 490 408 532 455 490 614 532 
491 638 531 569 491 409 531 453 491 613 531 
491 638 531 571 491 411 531 451 491 611 531 
491 637 531 573 491 412 531 449 491 610 531 
491 637 531 575 491 413 531 447 491 609 531 
492 637 530 577 492 415 530 445 492 607 530 
492 637 530 579 492 416 530 443 492 606 530 
492 636 530 581 492 418 530 441 492 604 530 
493 636 529 583 493 419 529 439 493 603 529 
493 636 529 585 493 421 529 437 493 601 529 
493 635 529 587 493 423 529 435 493 599 529 
494 635 528 589 494 424 528 433 494 598 528 
494 634 528 591 494 426 528 431 494 596 528 
494 634 528 593 494 428 528 429 494 594 528 
495 633 527 594 495 429 527 428 495 593 527 
495 633 527 596 495 431 527 426 495 591 527 
495 632 527 598 495 433 527 424 495 589 527 
496 632 526 599 496 435 526 423 496 587 526 
496 631 526 601 496 437 526 421 496 585 526 
497 630 525 603 497 439 525 419 497 583 525 
497 630 525 604 497 441 525 418 497 581 525 
497 629 525 606 497 443 525 416 497 579 525 
498 628 524 607 498 445 524 415 498 577 524 
498 627 524 609 498 447 524 413 498 575 524 
499 626 523 610 499 449 523 412 499 573 523 
499 626 523 611 499 451 523 411 499 571 523 
499 625 523 613 499 453 523 409 499 569 523 
500 624 522 614 500 455 522 408 500 567 522 
500 623 522 615 500 457 522 407 500 565 522 
501 622 521 616 501 460 521 406 501 562 521 
501 621 521 617 501 462 521 405 501 560 521 
502 620 520 619 502 464 520 403 502 558 520 
502 619 520 620 502 467 520 384 502 555 520 
503 617 519 621 503 469 519 384 503 553 519 
503 616 519 622 503 471 519 384 503 551 519 
504 615 518 623 504 474 518 384 504 548 518 
504 614 518 624 504 476 518 384 504 546 518 
505 613 517 625 505 479 517 384 505 543 517 
505 611 517 626 505 481 517 384 505 541 517 
506 610 516 626 506 484 516 385 506 538 516 
506 609 516 627 506 486 516 385 506 536 516 
507 607 515 628 507 489 515 385 507 533 515 
507 606 515 629 507 491 515 385 507 531 515 
508 604 514 630 508 494 514 386 508 528 514 
508 603 514 630 508 497 514 386 508 525 514 
509 601 513 631 509 499 513 386 509 523 513 
509 599 513 632 509 502 513 387 509 520 513 
510 598 512 632 510 504 512 387 510 518 512 
510 596 512 633 510 507 512 388 510 515 512 
511 594 511 633 511 510 511 388 511 512 511 
511 593 511 634 511 512 511 389 511 510 511 
512 591 510 634 512 515 510 389 512 507 510 
512 589 510 635 512 518 510 390 512 504 510 
513 587 509 635 513 520 509 390 513 502 509 
513 585 509 636 513 523 509 391 513 499 509 
514 583 508 636 514 525 508 392 514 497 508 
514 581 508 636 514 528 508 392 514 494 508 
515 579 507 637 515 531 507 393 515 491 507 
515 577 507 637 515 533 507 394 515 489 507 
516 575 506 637 516 536 506 395 516 486 506 
516 573 506 637 516 538 506 396 516 484 506 
517 571 505 638 517 541 505 396 517 481 505 
517 569 505 638 517 543 505 397 517 479 505 
518 567 504 638 518 546 504 398 518 476 504 
518 565 504 638 518 548 504 399 518 474 504 
519 562 503 638 519 551 503 400 519 471 503 
519 560 503 638 519 553 503 401 519 469 503 
520 558 502 638 520 555 502 402 520 467 502 
520 555 502 638 520 558 502 403 520 464 502 
521 553 501 638 521 560 501 405 521 462 501 
521 551 501 638 521 562 501 406 521 460 501 
522 548 500 638 522 565 500 407 522 457 500 
522 546 500 638 522 567 500 408 522 455 500 
523 543 499 638 523 569 499 409 523 453 499 
523 541 499 638 523 571 499 411 523 451 499 
523 538 499 637 523 573 499 412 523 449 499 
524 536 498 637 524 575 498 413 524 447 498 
524 533 498 637 524 577 498 415 524 445 498 
525 531 497 637 525 579 497 416 525 443 497 
525 528 497 636 525 581 497 418 525 441 497 
525 525 497 636 525 583 497 419 525 439 497 
526 523 496 636 526 585 496 421 526 437 496 
526 520 496 635 526 587 496 423 526 435 496 
527 518 495 635 527 589 495 424 527 433 495 
527 515 495 634 527 591 495 426 527 431 495 
527 512 495 634 527 593 495 428 527 429 495 
528 510 494 633 528 594 494 429 528 428 494 
528 507 494 633 528 596 494 431 528 426 494 
528 504 494 632 528 598 494 433 528 424 494 
529 502 493 632 529 599 493 435 529 423 493 
529 499 493 631 529 601 493 437 529 421 493 
529 497 493 630 529 603 493 439 529 419 493 
530 494 492 630 530 604 492 441 530 418 492 
530 491 492 629 530 606 492 443 530 416 492 
530 489 492 628 530 607 492 445 530 415 492 
531 486 491 627 531 609 491 447 531 413 491 
531 484 491 626 531 610 491 449 531 412 491 
531 481 491 626 531 611 491 451 531 411 491 
531 479 491 625 531 613 491 453 531 409 491 
532 476 490 624 532 614 490 455 532 408 490 
532 474 490 623 532 615 490 457 532 407 490 
532 471 490 622 532 616 490 460 532 406 490 
532 469 490 621 532 617 490 462 532 405 490 
533 467 489 620 533 619 489 464 533 403 489 
533 464 489 619 533 620 489 467 533 384 489 
533 462 489 617 533 621 489 469 533 384 489 
533 460 489 616 533 622 489 471 533 384 489 
533 457 489 615 533 623 489 474 533 384 489 
534 455 488 614 534 624 488 476 534 384 488 
534 453 488 613 534 625 488 479 534 384 488 
534 451 488 611 534 626 488 481 534 384 488 
534 449 488 610 534 626 488 484 534 385 488 
534 447 488 609 534 627 488 486 534 385 488 
534 445 488 607 534 628 488 489 534 385 488 
535 443 487 606 535 629 487 491 535 385 487 
535 441 487 604 535 630 487 494 535 386 487 
535 439 487 603 535 630 487 497 535 386 487 
535 437 487 601 535 631 487 499 535 386 487 
535 435 487 599 535 632 487 502 535 387 487 
535 433 487 598 535 632 487 504 535 387 487 
535 431 487 596 535 633 487 507 535 388 487 
535 429 487 594 535 633 487 510 535 388 487 
536 428 486 593 536 634 486 512 536 389 486 
536 426 486 591 536 634 486 515 536 389 486 
536 424 486 589 536 635 486 518 536 390 486 
536 423 486 587 536 635 486 520 536 390 486 
536 421 486 585 536 636 486 523 536 391 486 
536 419 486 583 536 636 486 525 536 392 486 
536 418 486 581 536 636 486 528 536 392 486 
536 416 486 579 536 637 486 531 536 393 486 
536 415 486 577 536 637 486 533 536 394 486 
536 413 486 575 536 637 486 536 536 395 486 
536 412 486 573 536 637 486 538 536 396 486 
536 411 486 571 536 638 486 541 536 396 486 
536 409 486 569 536 638 486 543 536 397 486 
536 408 486 567 536 638 486 546 536 398 486 
536 407 486 565 536 638 486 548 536 399 486 
536 406 486 562 536 638 486 551 536 400 486 
536 405 486 560 536 638 486 553 536 401 486 
536 403 486 558 536 638 486 555 536 402 486 
536 402 486 555 536 638 486 558 536 403 486 
536 401 486 553 536 638 486 560 536 405 486 
536 400 486 551 536 638 486 562 536 406 486 
536 399 486 548 536 638 486 565 536 407 486 
536 398 486 546 536 638 486 567 536 408 486 
536 397 486 543 536 638 486 569 536 409 486 
536 396 486 541 536 638 486 571 536 411 486 
536 396 486 538 536 637 486 573 536 412 486 
536 395 486 536 536 637 486 575 536 413 486 
536 394 486 533 536 637 486 577 536 415 486 
536 393 486 531 536 637 486 579 536 416 486 
536 392 486 528 536 636 486 581 536 418 486 
536 392 486 525 536 636 486 583 536 419 486 
536 391 486 523 536 636 486 585 536 421 486 
536 390 486 520 536 635 486 587 536 423 486 
536 390 486 518 536 635 486 589 536 424 486 
536 389 486 515 536 634 486 591 536 426 486 
536 389 486 512 536 634 486 593 536 428 486 
535 388 487 510 535 633 487 594 535 429 487 
535 388 487 507 535 633 487 596 535 431 487 
535 387 487 504 535 632 487 598 535 433 487 
535 387 487 502 535 632 487 599 535 435 487 
535 386 487 499 535 631 487 601 535 437 487 
535 386 487 497 535 630 487 603 535 439 487 
535 386 487 494 535 630 487 604 535 441 487 
535 385 487 491 535 629 487 606 535 443 487 
534 385 488 489 534 628 488 607 534 445 488 
534 385 488 486 534 627 488 609 534 447 488 
534 385 488 484 534 626 488 610 534 449 488 
534 384 488 481 534 626 488 611 534 451 488 
534 384 488 479 534 625 488 613 534 453 488 
534 384 488 476 534 624 488 614 534 455 488 
533 384 489 474 533 623 489 615 533 457 489 
533 384 489 471 533 622 489 616 533 460 489 
533 384 489 469 533 621 489 617 533 462 489 
533 384 489 467 533 620 489 619 533 464 489 
533 384 489 464 533 619 489 620 533 467 489 
532 384 490 462 532 617 490 621 532 469 490 
532 384 490 460 532 616 490 622 532 471 490 
532 384 490 457 532 615 490 623 532 474 490 
532 384 490 455 532 614 490 624 532 476 490 
531 384 491 453 531 613 491 625 531 479 491 
531 384 491 451 531 611 491 626 531 481 491 
531 385 491 449 531 610 491 626 531 484 491 
531 385 491 447 531 609 491 627 531 486 491 
530 385 492 445 530 607 492 628 530 489 492 
530 385 492 443 530 606 492 629 530 491 492 
530 386 492 441 530 604 492 630 530 494 492 
529 386 493 439 529 603 493 630 529 497 493 
529 386 493 437 529 601 493 631 529 499 493 
529 387 493 435 529 599 493 632 529 502 493 
528 387 494 433 528 598 494 632 528 504 494 
528 388 494 431 528 596 494 633 528 507 494 
528 388 494 429 528 594 494 633 528 510 494 
527 389 495 428 527 593 495 634 527 512 495 
527 389 495 426 527 591 495 634 527 515 495 
527 390 495 424 527 589 495 635 527 518 495 
526 390 496 423 526 587 496 635 526 520 496 
526 391 496 421 526 585 496 636 526 523 496 
525 392 497 419 525 583 497 636 525 525 497 
525 392 497 418 525 581 497 636 525 528 497 
525 393 497 416 525 579 497 637 525 531 497 
524 394 498 415 524 577 498 637 524 533 498 
524 395 498 413 524 575 498 637 524 536 498 
523 396 499 412 523 573 499 637 523 538 499 
523 396 499 411 523 571 499 638 523 541 499 
523 397 499 409 523 569 499 638 523 543 499 
522 398 500 408 522 567 500 638 522 546 500 
522 399 500 407 522 565 500 638 522 548 500 
521 400 501 406 521 562 501 638 521 551 501 
521 401 501 405 521 560 501 638 521 553 501 
520 402 502 403 520 558 502 638 520 555 502 
520 403 502 402 520 555 502 638 520 558 502 
519 405 503 401 519 553 503 638 519 560 503 
519 406 503 400 519 551 503 638 519 562 503 
518 407 504 399 518 548 504 638 518 565 504 
518 408 504 398 518 546 504 638 518 567 504 
517 409 505 397 517 543 505 638 517 569 505 
517 411 505 396 517 541 505 638 517 571 505 
516 412 506 396 516 538 506 637 516 573 506 
516 413 506 395 516 536 506 637 516 575 506 
515 415 507 394 515 533 507 637 515 577 507 
515 416 507 393 515 531 507 637 515 579 507 
514 418 508 392 514 528 508 636 514 581 508 
514 419 508 392 514 525 508 636 514 583 508 
513 421 509 391 513 523 509 636 513 585 509 
513 423 509 390 513 520 509 635 513 587 509 
512 424 510 390 512 518 510 635 512 589 510 
512 426 510 389 512 515 510 634 512 591 510 
511 428 511 389 511 512 511 634 511 593 511 
511 429 511 388 511 510 511 633 511 594 511 
510 431 512 388 510 507 512 633 510 596 512 
510 433 512 387 510 504 512 632 510 598 512 
509 435 513 387 509 502 513 632 509 599 513 
509 437 513 386 509 499 513 631 509 601 513 
508 439 514 386 508 497 514 630 508 603 514 
508 441 514 386 508 494 514 630 508 604 514 
507 443 515 385 507 491 515 629 507 606 515 
507 445 515 385 507 489 515 628 507 607 515 
506 447 516 385 506 486 516 627 506 609 516 
506 449 516 385 506 484 516 626 506 610 516 
505 451 517 384 505 481 517 626 505 611 517 
505 453 517 384 505 479 517 625 505 613 517 
504 455 518 384 504 476 518 624 504 614 518 
504 457 518 384 504 474 518 623 504 615 518 
503 460 519 384 503 471 519 622 503 616 519 
503 462 519 384 503 469 519 621 503 617 519 
502 464 520 384 502 467 520 620 502 619 520 
502 467 520 384 502 464 520 619 502 620 520 
501 469 521 384 501 462 521 617 501 621 521 
501 471 521 384 501 460 521 616 501 622 521 
500 474 522 384 500 457 522 615 500 623 522 
500 476 522 384 500 455 522 614 500 624 522 
499 479 523 384 499 453 523 613 499 625 523 
499 481 523 384 499 451 523 611 499 626 523 
499 484 523 385 499 449 523 610 499 626 523 
498 486 524 385 498 447 524 609 498 627 524 
498 489 524 385 498 445 524 607 498 628 524 
497 491 525 385 497 443 525 606 497 629 525 
497 494 525 386 497 441 525 604 497 630 525 
497 497 525 386 497 439 525 603 497 630 525 
496 499 526 386 496 437 526 601 496 631 526 
496 502 526 387 496 435 526 599 496 632 526 
495 504 527 387 495 433 527 598 495 632 527 
495 507 527 388 495 431 527 596 495 633 527 
495 510 527 388 495 429 527 594 495 633 527 
494 512 528 389 494 428 528 593 494 634 528 
494 515 528 389 494 426 528 591 494 634 528 
494 518 528 390 494 424 528 589 494 635 528 
493 520 529 390 493 423 529 587 493 635 529 
493 523 529 391 493 421 529 585 493 636 529 
493 525 529 392 493 419 529 583 493 636 529 
492 528 530 392 492 418 530 581 492 636 530 
492 531 530 393 492 416 530 579 492 637 530 
492 533 530 394 492 415 530 577 492 637 530 
491 536 531 395 491 413 531 575 491 637 531 
491 538 531 396 491 412 531 573 491 637 531 
491 541 531 396 491 411 531 571 491 638 531 
491 543 531 397 491 409 531 569 491 638 531 
490 546 532 398 490 408 532 567 490 638 532 
490 548 532 399 490 407 532 565 490 638 532 
490 551 532 400 490 406 532 562 490 638 532 
490 553 532 401 490 405 532 560 490 638 532 
489 555 533 402 489 403 533 558 489 638 533 
489 558 533 403 489 402 533 555 489 638 533 
489 560 533 405 489 401 533 553 489 638 533 
489 562 533 406 489 400 533 551 489 638 533 
489 565 533 407 489 399 533 548 489 638 533 
488 567 534 408 488 398 534 546 488 638 534 
488 569 534 409 488 397 534 543 488 638 534 
488 571 534 411 488 396 534 541 488 638 534 
488 573 534 412 488 396 534 538 488 637 534 
488 575 534 413 488 395 534 536 488 637 534 
488 577 534 415 488 394 534 533 488 637 534 
487 579 535 416 487 393 535 531 487 637 535 
487 581 535 418 487 392 535 528 487 636 535 
487 583 535 419 487 392 535 525 487 636 535 
487 585 535 421 487 391 535 523 487 636 535 
487 587 535 423 487 390 535 520 487 635 535 
487 589 535 424 487 390 535 518 487 635 535 
487 591 535 426 487 389 535 515 487 634 535 
487 593 535 428 487 389 535 512 487 634 535 
486 594 536 429 486 388 536 510 486 633 536 
486 596 536 431 486 388 536 507 486 633 536 
486 598 536 433 486 387 536 504 486 632 536 
486 599 536 435 486 387 536 502 486 632 536 
486 601 536 437 486 386 536 499 486 631 536 
486 603 536 439 486 386 536 497 486 630 536 
486 604 536 441 486 386 536 494 486 630 536 
486 606 536 443 486 385 536 491 486 629 536 
486 607 536 445 486 385 536 489 486 628 536 
486 609 536 447 486 385 536 486 486 627 536 
486 610 536 449 486 385 536 484 486 626 536 
486 611 536 451 486 384 536 481 486 626 536 
486 613 536 453 486 384 536 479 486 625 536 
486 614 536 455 486 384 536 476 486 624 536 
486 615 536 457 486 384 536 474 486 623 536 
486 616 536 460 486 384 536 471 486 622 536 
486 617 536 462 486 384 536 469 486 621 536 
486 619 536 464 486 384 536 467 486 620 536 
486 620 536 467 486 384 536 464 486 619 536 
486 621 536 469 486 384 536 462 486 617 536 
486 622 536 471 486 384 536 460 486 616 536 
486 623 536 474 486 384 536 457 486 615 536 
486 624 536 476 486 384 536 455 486 614 536 
486 625 536 479 486 384 536 453 486 613 536 
486 626 536 481 486 384 536 451 486 611 536 
486 626 536 484 486 385 536 449 486 610 536 
486 627 536 486 486 385 536 447 486 609 536 
486 628 536 489 486 385 536 445 486 607 536 
486 629 536 491 486 385 536 443 486 606 536 
486 630 536 494 486 386 536 441 486 604 536 
486 630 536 497 486 386 536 439 486 603 536 
486 631 536 499 486 386 536 437 486 601 536 
486 632 536 502 486 387 536 435 486 599 536 
486 632 536 504 486 387 536 433 486 598 536 
486 633 536 507 486 388 536 431 486 596 536 
486 633 536 510 486 388 536 429 486 594 536 
487 634 535 512 487 389 535 428 487 593 535 
487 634 535 515 487 389 535 426 487 591 535 
487 635 535 518 487 390 535 424 487 589 535 
487 635 535 520 487 390 535 423 487 587 535 
487 636 535 523 487 391 535 421 487 585 535 
487 636 535 525 487 392 535 419 487 583 535 
487 636 535 528 487 392 535 418 487 581 535 
487 637 535 531 487 393 535 416 487 579 535 
488 637 534 533 488 394 534 415 488 577 534 
488 637 534 536 488 395 534 413 488 575 534 
488 637 534 538 488 396 534 412 488 573 534 
488 638 534 541 488 396 534 411 488 571 534 
488 638 534 543 488 397 534 409 488 569 534 
488 638 534 546 488 398 534 408 488 567 534 
489 638 533 548 489 399 533 407 489 565 533 
489 638 533 551 489 400 533 406 489 562 533 
489 638 533 553 489 401 533 405 489 560 533 
489 638 533 555 489 402 533 403 489 558 533 
489 638 533 558 489 403 533 402 489 555 533 
490 638 532 560 490 405 532 401 490 553 532 
490 638 532 562 490 406 532 400 490 551 532 
490 638 532 565 490 407 532 399 490 548 532 
490 638 532 567 490 408 532 398 490 546 532 
491 638 531 569 491 409 531 397 491 543 531 
491 638 531 571 491 411 531 396 491 541 531 
491 637 531 573 491 412 531 396 491 538 531 
491 637 531 575 491 413 531 395 491 536 531 
492 637 530 577 492 415 530 394 492 533 530 
492 637 530 579 492 416 530 393 492 531 530 
492 636 530 581 492 418 530 392 492 528 530 
493 636 529 583 493 419 529 392 493 525 529 
493 636 529 585 493 421 529 391 493 523 529 
493 635 529 587 493 423 529 390 493 520 529 
494 635 528 589 494 424 528 390 494 518 528 
494 634 528 591 494 426 528 389 494 515 528 
494 634 528 593 494 428 528 389 494 512 528 
495 633 527 594 495 429 527 388 495 510 527 
495 633 527 596 495 431 527 388 495 507 527 
495 632 527 598 495 433 527 387 495 504 527 
496 632 526 599 496 435 526 387 496 502 526 
496 631 526 601 496 437 526 386 496 499 526 
497 630 525 603 497 439 525 386 497 497 525 
497 630 525 604 497 441 525 386 497 494 525 
497 629 525 606 497 443 525 385 497 491 525 
498 628 524 607 498 445 524 385 498 489 524 
498 627 524 609 498 447 524 385 498 486 524 
499 626 523 610 499 449 523 385 499 484 523 
499 626 523 611 499 451 523 384 499 481 523 
499 625 523 613 499 453 523 384 499 479 523 
500 624 522 614 500 455 522 384 500 476 522 
500 623 522 615 500 457 522 384 500 474 522 
501 622 521 616 501 460 521 384 501 471 521 
501 621 521 617 501 462 521 384 501 469 521 
502 620 520 619 502 464 520 384 502 467 520 
502 619 520 620 502 467 520 384 502 464 520 
503 617 519 621 503 469 519 384 503 462 519 
503 616 519 622 503 471 519 384 503 460 519 
504 615 518 623 504 474 518 384 504 457 518 
504 614 518 624 504 476 518 384 504 455 518 
505 613 517 625 505 479 517 384 505 453 517 
505 611 517 626 505 481 517 384 505 451 517 
506 610 516 626 506 484 516 385 506 449 516 
506 609 516 627 506 486 516 385 506 447 516 
507 607 515 628 507 489 515 385 507 445 515 
507 606 515 629 507 491 515 385 507 443 515 
508 604 514 630 508 494 514 386 508 441 514 
508 603 514 630 508 497 514 386 508 439 514 
509 601 513 631 509 499 513 386 509 437 513 
509 599 513 632 509 502 513 387 509 435 513 
510 598 512 632 510 504 512 387 510 433 512 
510 596 512 633 510 507 512 388 510 431 512 
511 594 511 633 511 510 511 388 511 429 511 
511 593 511 634 511 512 511 389 511 428 511 
512 591 510 634 512 515 510 389 512 426 510 
512 589 510 635 512 518 510 390 512 424 510 
513 587 509 635 513 520 509 390 513 423 509 
513 585 509 636 513 523 509 391 513 421 509 
514 583 508 636 514 525 508 392 514 419 508 
514 581 508 636 514 528 508 392 514 418 508 
515 579 507 637 515 531 507 393 515 416 507 
515 577 507 637 515 533 507 394 515 415 507 
516 575 506 637 516 536 506 395 516 413 506 
516 573 506 637 516 538 506 396 516 412 506 
517 571 505 638 517 541 505 396 517 411 505 
517 569 505 638 517 543 505 397 517 409 505 
518 567 504 638 518 546 504 398 518 408 504 
518 565 504 638 518 548 504 399 518 407 504 
519 562 503 638 519 551 503 400 519 406 503 
519 560 503 638 519 553 503 401 519 405 503 
520 558 502 638 520 555 502 402 520 403 502 
520 555 502 638 520 558 502 403 520 402 502 
521 553 501 638 521 560 501 405 521 401 501 
521 551 501 638 521 562 501 406 521 400 501 
522 548 500 638 522 565 500 407 522 399 500 
522 546 500 638 522 567 500 408 522 398 500 
523 543 499 638 523 569 499 409 523 397 499 
523 541 499 638 523 571 499 411 523 396 499 
523 538 499 637 523 573 499 412 523 396 499 
524 536 498 637 524 575 498 413 524 395 498 
524 533 498 637 524 577 498 415 524 394 498 
525 531 497 637 525 579 497 416 525 393 497 
525 528 497 636 525 581 497 418 525 392 497 
525 525 497 636 525 583 497 419 525 392 497 
526 523 496 636 526 585 496 421 526 391 496 
526 520 496 635 526 587 496 423 526 390 496 
527 518 495 635 527 589 495 424 527 390 495 
527 515 495 634 527 591 495 426 527 389 495 
527 512 495 634 527 593 495 428 527 389 495 
528 510 494 633 528 594 494 429 528 388 494 
528 507 494 633 528 596 494 431 528 388 494 
528 504 494 632 528 598 494 433 528 387 494 
529 502 493 632 529 599 493 435 529 387 493 
529 499 493 631 529 601 493 437 529 386 493 
529 497 493 630 529 603 493 439 529 386 493 
530 494 492 630 530 604 492 441 530 386 492 
530 491 492 629 530 606 492 443 530 385 492 
530 489 492 628 530 607 492 445 530 385 492 
531 486 491 627 531 609 491 447 531 385 491 
531 484 491 626 531 610 491 449 531 385 491 
531 481 491 626 531 611 491 451 531 384 491 
531 479 491 625 531 613 491 453 531 384 491 
532 476 490 624 532 614 490 455 532 384 490 
532 474 490 623 532 615 490 457 532 384 490 
532 471 490 622 532 616 490 460 532 384 490 
532 469 490 621 532 617 490 462 532 384 490 
533 467 489 620 533 619 489 464 533 384 489 
