1.00 -0.79 0.00 0.00 1.00 -0.79 0.00 0.00 1.00 -0.79 0.00 0.00 1.00 -0.79 0.00 0.00 1.00 -0.79 0.00 0.00 
2.00 -1.57 0.00 0.00 2.00 -1.57 0.00 0.00 2.00 -1.57 0.00 0.00 2.00 -1.57 0.00 0.00 2.00 -1.57 0.00 0.00 
3.00 -2.36 0.00 0.00 3.00 -2.36 0.00 0.00 3.00 -2.36 0.00 0.00 3.00 -2.36 0.00 0.00 3.00 -2.36 0.00 0.00 
4.00 -3.14 0.00 0.00 4.00 -3.14 0.00 0.00 4.00 -3.14 0.00 0.00 4.00 -3.14 0.00 0.00 4.00 -3.14 0.00 0.00 
5.00 -3.92 0.00 0.00 5.00 -3.92 0.00 0.00 5.00 -3.92 0.00 0.00 5.00 -3.92 0.00 0.00 5.00 -3.92 0.00 0.00 
6.00 -4.70 0.00 0.00 6.00 -4.70 0.00 0.00 6.00 -4.70 0.00 0.00 6.00 -4.70 0.00 0.00 6.00 -4.70 0.00 0.00 
7.00 -5.48 0.00 0.00 7.00 -5.48 0.00 0.00 7.00 -5.48 0.00 0.00 7.00 -5.48 0.00 0.00 7.00 -5.48 0.00 0.00 
8.00 -6.26 0.00 0.00 8.00 -6.26 0.00 0.00 8.00 -6.26 0.00 0.00 8.00 -6.26 0.00 0.00 8.00 -6.26 0.00 0.00 
9.00 -7.04 0.00 0.00 9.00 -7.04 0.00 0.00 9.00 -7.04 0.00 0.00 9.00 -7.04 0.00 0.00 9.00 -7.04 0.00 0.00 
10.00 -7.81 0.00 0.00 10.00 -7.81 0.00 0.00 10.00 -7.81 0.00 0.00 10.00 -7.81 0.00 0.00 10.00 -7.81 0.00 0.00 
11.00 -8.59 0.00 0.00 11.00 -8.59 0.00 0.00 11.00 -8.59 0.00 0.00 11.00 -8.59 0.00 0.00 11.00 -8.59 0.00 0.00 
12.00 -9.36 0.00 0.00 12.00 -9.36 0.00 0.00 12.00 -9.36 0.00 0.00 12.00 -9.36 0.00 0.00 12.00 -9.36 0.00 0.00 
13.00 -10.12 0.00 0.00 13.00 -10.12 0.00 0.00 13.00 -10.12 0.00 0.00 13.00 -10.12 0.00 0.00 13.00 -10.12 0.00 0.00 
14.00 -10.89 0.00 0.00 14.00 -10.89 0.00 0.00 14.00 -10.89 0.00 0.00 14.00 -10.89 0.00 0.00 14.00 -10.89 0.00 0.00 
15.00 -11.65 0.00 0.00 15.00 -11.65 0.00 0.00 15.00 -11.65 0.00 0.00 15.00 -11.65 0.00 0.00 15.00 -11.65 0.00 0.00 
16.00 -12.40 0.00 0.00 16.00 -12.40 0.00 0.00 16.00 -12.40 0.00 0.00 16.00 -12.40 0.00 0.00 16.00 -12.40 0.00 0.00 
17.00 -13.16 0.00 0.00 17.00 -13.16 0.00 0.00 17.00 -13.16 0.00 0.00 17.00 -13.16 0.00 0.00 17.00 -13.16 0.00 0.00 
18.00 -13.91 0.00 0.00 18.00 -13.91 0.00 0.00 18.00 -13.91 0.00 0.00 18.00 -13.91 0.00 0.00 18.00 -13.91 0.00 0.00 
19.00 -14.65 0.00 0.00 19.00 -14.65 0.00 0.00 19.00 -14.65 0.00 0.00 19.00 -14.65 0.00 0.00 19.00 -14.65 0.00 0.00 
20.00 -15.39 0.00 0.00 20.00 -15.39 0.00 0.00 20.00 -15.39 0.00 0.00 20.00 -15.39 0.00 0.00 20.00 -15.39 0.00 0.00 
21.00 -16.13 0.00 0.00 21.00 -16.13 0.00 0.00 21.00 -16.13 0.00 0.00 21.00 -16.13 0.00 0.00 21.00 -16.13 0.00 0.00 
22.00 -16.86 0.00 0.00 22.00 -16.86 0.00 0.00 22.00 -16.86 0.00 0.00 22.00 -16.86 0.00 0.00 22.00 -16.86 0.00 0.00 
23.00 -17.58 0.00 0.00 23.00 -17.58 0.00 0.00 23.00 -17.58 0.00 0.00 23.00 -17.58 0.00 0.00 23.00 -17.58 0.00 0.00 
24.00 -18.30 0.00 0.00 24.00 -18.30 0.00 0.00 24.00 -18.30 0.00 0.00 24.00 -18.30 0.00 0.00 24.00 -18.30 0.00 0.00 
25.00 -19.02 0.00 0.00 25.00 -19.02 0.00 0.00 25.00 -19.02 0.00 0.00 25.00 -19.02 0.00 0.00 25.00 -19.02 0.00 0.00 
26.00 -19.73 0.00 0.00 26.00 -19.73 0.00 0.00 26.00 -19.73 0.00 0.00 26.00 -19.73 0.00 0.00 26.00 -19.73 0.00 0.00 
27.00 -20.43 0.00 0.00 27.00 -20.43 0.00 0.00 27.00 -20.43 0.00 0.00 27.00 -20.43 0.00 0.00 27.00 -20.43 0.00 0.00 
28.00 -21.13 0.00 0.00 28.00 -21.13 0.00 0.00 28.00 -21.13 0.00 0.00 28.00 -21.13 0.00 0.00 28.00 -21.13 0.00 0.00 
29.00 -21.82 0.00 0.00 29.00 -21.82 0.00 0.00 29.00 -21.82 0.00 0.00 29.00 -21.82 0.00 0.00 29.00 -21.82 0.00 0.00 
30.00 -22.50 0.00 0.00 30.00 -22.50 0.00 0.00 30.00 -22.50 0.00 0.00 30.00 -22.50 0.00 0.00 30.00 -22.50 0.00 0.00 
31.00 -23.18 0.00 0.00 31.00 -23.18 0.00 0.00 31.00 -23.18 0.00 0.00 31.00 -23.18 0.00 0.00 31.00 -23.18 0.00 0.00 
32.00 -23.85 0.00 0.00 32.00 -23.85 0.00 0.00 32.00 -23.85 0.00 0.00 32.00 -23.85 0.00 0.00 32.00 -23.85 0.00 0.00 
33.00 -24.51 0.00 0.00 33.00 -24.51 0.00 0.00 33.00 -24.51 0.00 0.00 33.00 -24.51 0.00 0.00 33.00 -24.51 0.00 0.00 
34.00 -25.16 0.00 0.00 34.00 -25.16 0.00 0.00 34.00 -25.16 0.00 0.00 34.00 -25.16 0.00 0.00 34.00 -25.16 0.00 0.00 
35.00 -25.81 0.00 0.00 35.00 -25.81 0.00 0.00 35.00 -25.81 0.00 0.00 35.00 -25.81 0.00 0.00 35.00 -25.81 0.00 0.00 
36.00 -26.45 0.00 0.00 36.00 -26.45 0.00 0.00 36.00 -26.45 0.00 0.00 36.00 -26.45 0.00 0.00 36.00 -26.45 0.00 0.00 
37.00 -27.08 0.00 0.00 37.00 -27.08 0.00 0.00 37.00 -27.08 0.00 0.00 37.00 -27.08 0.00 0.00 37.00 -27.08 0.00 0.00 
38.00 -27.70 0.00 0.00 38.00 -27.70 0.00 0.00 38.00 -27.70 0.00 0.00 38.00 -27.70 0.00 0.00 38.00 -27.70 0.00 0.00 
39.00 -28.32 0.00 0.00 39.00 -28.32 0.00 0.00 39.00 -28.32 0.00 0.00 39.00 -28.32 0.00 0.00 39.00 -28.32 0.00 0.00 
40.00 -28.93 0.00 0.00 40.00 -28.93 0.00 0.00 40.00 -28.93 0.00 0.00 40.00 -28.93 0.00 0.00 40.00 -28.93 0.00 0.00 
41.00 -29.52 0.00 0.00 41.00 -29.52 0.00 0.00 41.00 -29.52 0.00 0.00 41.00 -29.52 0.00 0.00 41.00 -29.52 0.00 0.00 
42.00 -30.11 0.00 0.00 42.00 -30.11 0.00 0.00 42.00 -30.11 0.00 0.00 42.00 -30.11 0.00 0.00 42.00 -30.11 0.00 0.00 
43.00 -30.69 0.00 0.00 43.00 -30.69 0.00 0.00 43.00 -30.69 0.00 0.00 43.00 -30.69 0.00 0.00 43.00 -30.69 0.00 0.00 
44.00 -31.26 0.00 0.00 44.00 -31.26 0.00 0.00 44.00 -31.26 0.00 0.00 44.00 -31.26 0.00 0.00 44.00 -31.26 0.00 0.00 
45.00 -31.82 0.00 0.00 45.00 -31.82 0.00 0.00 45.00 -31.82 0.00 0.00 45.00 -31.82 0.00 0.00 45.00 -31.82 0.00 0.00 
46.00 -32.37 0.00 0.00 46.00 -32.37 0.00 0.00 46.00 -32.37 0.00 0.00 46.00 -32.37 0.00 0.00 46.00 -32.37 0.00 0.00 
47.00 -32.91 0.00 0.00 47.00 -32.91 0.00 0.00 47.00 -32.91 0.00 0.00 47.00 -32.91 0.00 0.00 47.00 -32.91 0.00 0.00 
48.00 -33.44 0.00 0.00 48.00 -33.44 0.00 0.00 48.00 -33.44 0.00 0.00 48.00 -33.44 0.00 0.00 48.00 -33.44 0.00 0.00 
49.00 -33.96 0.00 0.00 49.00 -33.96 0.00 0.00 49.00 -33.96 0.00 0.00 49.00 -33.96 0.00 0.00 49.00 -33.96 0.00 0.00 
50.00 -34.47 0.00 0.00 50.00 -34.47 0.00 0.00 50.00 -34.47 0.00 0.00 50.00 -34.47 0.00 0.00 50.00 -34.47 0.00 0.00 
51.00 -34.97 0.00 0.00 51.00 -34.97 0.00 0.00 51.00 -34.97 0.00 0.00 51.00 -34.97 0.00 0.00 51.00 -34.97 0.00 0.00 
52.00 -35.46 0.00 0.00 52.00 -35.46 0.00 0.00 52.00 -35.46 0.00 0.00 52.00 -35.46 0.00 0.00 52.00 -35.46 0.00 0.00 
53.00 -35.94 0.00 0.00 53.00 -35.94 0.00 0.00 53.00 -35.94 0.00 0.00 53.00 -35.94 0.00 0.00 53.00 -35.94 0.00 0.00 
54.00 -36.41 0.00 0.00 54.00 -36.41 0.00 0.00 54.00 -36.41 0.00 0.00 54.00 -36.41 0.00 0.00 54.00 -36.41 0.00 0.00 
55.00 -36.86 0.00 0.00 55.00 -36.86 0.00 0.00 55.00 -36.86 0.00 0.00 55.00 -36.86 0.00 0.00 55.00 -36.86 0.00 0.00 
56.00 -37.31 0.00 0.00 56.00 -37.31 0.00 0.00 56.00 -37.31 0.00 0.00 56.00 -37.31 0.00 0.00 56.00 -37.31 0.00 0.00 
57.00 -37.74 0.00 0.00 57.00 -37.74 0.00 0.00 57.00 -37.74 0.00 0.00 57.00 -37.74 0.00 0.00 57.00 -37.74 0.00 0.00 
58.00 -38.16 0.00 0.00 58.00 -38.16 0.00 0.00 58.00 -38.16 0.00 0.00 58.00 -38.16 0.00 0.00 58.00 -38.16 0.00 0.00 
59.00 -38.57 0.00 0.00 59.00 -38.57 0.00 0.00 59.00 -38.57 0.00 0.00 59.00 -38.57 0.00 0.00 59.00 -38.57 0.00 0.00 
60.00 -38.97 0.00 0.00 60.00 -38.97 0.00 0.00 60.00 -38.97 0.00 0.00 60.00 -38.97 0.00 0.00 60.00 -38.97 0.00 0.00 
61.00 -39.36 0.00 0.00 61.00 -39.36 0.00 0.00 61.00 -39.36 0.00 0.00 61.00 -39.36 0.00 0.00 61.00 -39.36 0.00 0.00 
62.00 -39.73 0.00 0.00 62.00 -39.73 0.00 0.00 62.00 -39.73 0.00 0.00 62.00 -39.73 0.00 0.00 62.00 -39.73 0.00 0.00 
63.00 -40.10 0.00 0.00 63.00 -40.10 0.00 0.00 63.00 -40.10 0.00 0.00 63.00 -40.10 0.00 0.00 63.00 -40.10 0.00 0.00 
64.00 -40.45 0.00 0.00 64.00 -40.45 0.00 0.00 64.00 -40.45 0.00 0.00 64.00 -40.45 0.00 0.00 64.00 -40.45 0.00 0.00 
65.00 -40.78 0.00 0.00 65.00 -40.78 0.00 0.00 65.00 -40.78 0.00 0.00 65.00 -40.78 0.00 0.00 65.00 -40.78 0.00 0.00 
66.00 -41.11 0.00 0.00 66.00 -41.11 0.00 0.00 66.00 -41.11 0.00 0.00 66.00 -41.11 0.00 0.00 66.00 -41.11 0.00 0.00 
67.00 -41.42 0.00 0.00 67.00 -41.42 0.00 0.00 67.00 -41.42 0.00 0.00 67.00 -41.42 0.00 0.00 67.00 -41.42 0.00 0.00 
68.00 -41.72 0.00 0.00 68.00 -41.72 0.00 0.00 68.00 -41.72 0.00 0.00 68.00 -41.72 0.00 0.00 68.00 -41.72 0.00 0.00 
69.00 -42.01 0.00 0.00 69.00 -42.01 0.00 0.00 69.00 -42.01 0.00 0.00 69.00 -42.01 0.00 0.00 69.00 -42.01 0.00 0.00 
70.00 -42.29 0.00 0.00 70.00 -42.29 0.00 0.00 70.00 -42.29 0.00 0.00 70.00 -42.29 0.00 0.00 70.00 -42.29 0.00 0.00 
71.00 -42.55 0.00 0.00 71.00 -42.55 0.00 0.00 71.00 -42.55 0.00 0.00 71.00 -42.55 0.00 0.00 71.00 -42.55 0.00 0.00 
72.00 -42.80 0.00 0.00 72.00 -42.80 0.00 0.00 72.00 -42.80 0.00 0.00 72.00 -42.80 0.00 0.00 72.00 -42.80 0.00 0.00 
73.00 -43.03 0.00 0.00 73.00 -43.03 0.00 0.00 73.00 -43.03 0.00 0.00 73.00 -43.03 0.00 0.00 73.00 -43.03 0.00 0.00 
74.00 -43.26 0.00 0.00 74.00 -43.26 0.00 0.00 74.00 -43.26 0.00 0.00 74.00 -43.26 0.00 0.00 74.00 -43.26 0.00 0.00 
75.00 -43.47 0.00 0.00 75.00 -43.47 0.00 0.00 75.00 -43.47 0.00 0.00 75.00 -43.47 0.00 0.00 75.00 -43.47 0.00 0.00 
76.00 -43.66 0.00 0.00 76.00 -43.66 0.00 0.00 76.00 -43.66 0.00 0.00 76.00 -43.66 0.00 0.00 76.00 -43.66 0.00 0.00 
77.00 -43.85 0.00 0.00 77.00 -43.85 0.00 0.00 77.00 -43.85 0.00 0.00 77.00 -43.85 0.00 0.00 77.00 -43.85 0.00 0.00 
78.00 -44.02 0.00 0.00 78.00 -44.02 0.00 0.00 78.00 -44.02 0.00 0.00 78.00 -44.02 0.00 0.00 78.00 -44.02 0.00 0.00 
79.00 -44.17 0.00 0.00 79.00 -44.17 0.00 0.00 79.00 -44.17 0.00 0.00 79.00 -44.17 0.00 0.00 79.00 -44.17 0.00 0.00 
80.00 -44.32 0.00 0.00 80.00 -44.32 0.00 0.00 80.00 -44.32 0.00 0.00 80.00 -44.32 0.00 0.00 80.00 -44.32 0.00 0.00 
81.00 -44.45 0.00 0.00 81.00 -44.45 0.00 0.00 81.00 -44.45 0.00 0.00 81.00 -44.45 0.00 0.00 81.00 -44.45 0.00 0.00 
82.00 -44.56 0.00 0.00 82.00 -44.56 0.00 0.00 82.00 -44.56 0.00 0.00 82.00 -44.56 0.00 0.00 82.00 -44.56 0.00 0.00 
83.00 -44.66 0.00 0.00 83.00 -44.66 0.00 0.00 83.00 -44.66 0.00 0.00 83.00 -44.66 0.00 0.00 83.00 -44.66 0.00 0.00 
84.00 -44.75 0.00 0.00 84.00 -44.75 0.00 0.00 84.00 -44.75 0.00 0.00 84.00 -44.75 0.00 0.00 84.00 -44.75 0.00 0.00 
85.00 -44.83 0.00 0.00 85.00 -44.83 0.00 0.00 85.00 -44.83 0.00 0.00 85.00 -44.83 0.00 0.00 85.00 -44.83 0.00 0.00 
86.00 -44.89 0.00 0.00 86.00 -44.89 0.00 0.00 86.00 -44.89 0.00 0.00 86.00 -44.89 0.00 0.00 86.00 -44.89 0.00 0.00 
87.00 -44.94 0.00 0.00 87.00 -44.94 0.00 0.00 87.00 -44.94 0.00 0.00 87.00 -44.94 0.00 0.00 87.00 -44.94 0.00 0.00 
88.00 -44.97 0.00 0.00 88.00 -44.97 0.00 0.00 88.00 -44.97 0.00 0.00 88.00 -44.97 0.00 0.00 88.00 -44.97 0.00 0.00 
89.00 -44.99 0.00 0.00 89.00 -44.99 0.00 0.00 89.00 -44.99 0.00 0.00 89.00 -44.99 0.00 0.00 89.00 -44.99 0.00 0.00 
90.00 -45.00 0.00 0.00 90.00 -45.00 0.00 0.00 90.00 -45.00 0.00 0.00 90.00 -45.00 0.00 0.00 90.00 -45.00 0.00 0.00 
91.00 -44.99 0.00 0.00 91.00 -44.99 0.00 0.00 91.00 -44.99 0.00 0.00 91.00 -44.99 0.00 0.00 91.00 -44.99 0.00 0.00 
92.00 -44.97 0.00 0.00 92.00 -44.97 0.00 0.00 92.00 -44.97 0.00 0.00 92.00 -44.97 0.00 0.00 92.00 -44.97 0.00 0.00 
93.00 -44.94 0.00 0.00 93.00 -44.94 0.00 0.00 93.00 -44.94 0.00 0.00 93.00 -44.94 0.00 0.00 93.00 -44.94 0.00 0.00 
94.00 -44.89 0.00 0.00 94.00 -44.89 0.00 0.00 94.00 -44.89 0.00 0.00 94.00 -44.89 0.00 0.00 94.00 -44.89 0.00 0.00 
95.00 -44.83 0.00 0.00 95.00 -44.83 0.00 0.00 95.00 -44.83 0.00 0.00 95.00 -44.83 0.00 0.00 95.00 -44.83 0.00 0.00 
96.00 -44.75 0.00 0.00 96.00 -44.75 0.00 0.00 96.00 -44.75 0.00 0.00 96.00 -44.75 0.00 0.00 96.00 -44.75 0.00 0.00 
97.00 -44.66 0.00 0.00 97.00 -44.66 0.00 0.00 97.00 -44.66 0.00 0.00 97.00 -44.66 0.00 0.00 97.00 -44.66 0.00 0.00 
98.00 -44.56 0.00 0.00 98.00 -44.56 0.00 0.00 98.00 -44.56 0.00 0.00 98.00 -44.56 0.00 0.00 98.00 -44.56 0.00 0.00 
99.00 -44.45 0.00 0.00 99.00 -44.45 0.00 0.00 99.00 -44.45 0.00 0.00 99.00 -44.45 0.00 0.00 99.00 -44.45 0.00 0.00 
100.00 -44.32 0.00 0.00 100.00 -44.32 0.00 0.00 100.00 -44.32 0.00 0.00 100.00 -44.32 0.00 0.00 100.00 -44.32 0.00 0.00 
101.00 -44.17 0.00 0.00 101.00 -44.17 0.00 0.00 101.00 -44.17 0.00 0.00 101.00 -44.17 0.00 0.00 101.00 -44.17 0.00 0.00 
102.00 -44.02 0.00 0.00 102.00 -44.02 0.00 0.00 102.00 -44.02 0.00 0.00 102.00 -44.02 0.00 0.00 102.00 -44.02 0.00 0.00 
103.00 -43.85 0.00 0.00 103.00 -43.85 0.00 0.00 103.00 -43.85 0.00 0.00 103.00 -43.85 0.00 0.00 103.00 -43.85 0.00 0.00 
104.00 -43.66 0.00 0.00 104.00 -43.66 0.00 0.00 104.00 -43.66 0.00 0.00 104.00 -43.66 0.00 0.00 104.00 -43.66 0.00 0.00 
105.00 -43.47 0.00 0.00 105.00 -43.47 0.00 0.00 105.00 -43.47 0.00 0.00 105.00 -43.47 0.00 0.00 105.00 -43.47 0.00 0.00 
106.00 -43.26 0.00 0.00 106.00 -43.26 0.00 0.00 106.00 -43.26 0.00 0.00 106.00 -43.26 0.00 0.00 106.00 -43.26 0.00 0.00 
107.00 -43.03 0.00 0.00 107.00 -43.03 0.00 0.00 107.00 -43.03 0.00 0.00 107.00 -43.03 0.00 0.00 107.00 -43.03 0.00 0.00 
108.00 -42.80 0.00 0.00 108.00 -42.80 0.00 0.00 108.00 -42.80 0.00 0.00 108.00 -42.80 0.00 0.00 108.00 -42.80 0.00 0.00 
109.00 -42.55 0.00 0.00 109.00 -42.55 0.00 0.00 109.00 -42.55 0.00 0.00 109.00 -42.55 0.00 0.00 109.00 -42.55 0.00 0.00 
110.00 -42.29 0.00 0.00 110.00 -42.29 0.00 0.00 110.00 -42.29 0.00 0.00 110.00 -42.29 0.00 0.00 110.00 -42.29 0.00 0.00 
111.00 -42.01 0.00 0.00 111.00 -42.01 0.00 0.00 111.00 -42.01 0.00 0.00 111.00 -42.01 0.00 0.00 111.00 -42.01 0.00 0.00 
112.00 -41.72 0.00 0.00 112.00 -41.72 0.00 0.00 112.00 -41.72 0.00 0.00 112.00 -41.72 0.00 0.00 112.00 -41.72 0.00 0.00 
113.00 -41.42 0.00 0.00 113.00 -41.42 0.00 0.00 113.00 -41.42 0.00 0.00 113.00 -41.42 0.00 0.00 113.00 -41.42 0.00 0.00 
114.00 -41.11 0.00 0.00 114.00 -41.11 0.00 0.00 114.00 -41.11 0.00 0.00 114.00 -41.11 0.00 0.00 114.00 -41.11 0.00 0.00 
115.00 -40.78 0.00 0.00 115.00 -40.78 0.00 0.00 115.00 -40.78 0.00 0.00 115.00 -40.78 0.00 0.00 115.00 -40.78 0.00 0.00 
116.00 -40.45 0.00 0.00 116.00 -40.45 0.00 0.00 116.00 -40.45 0.00 0.00 116.00 -40.45 0.00 0.00 116.00 -40.45 0.00 0.00 
117.00 -40.10 0.00 0.00 117.00 -40.10 0.00 0.00 117.00 -40.10 0.00 0.00 117.00 -40.10 0.00 0.00 117.00 -40.10 0.00 0.00 
118.00 -39.73 0.00 0.00 118.00 -39.73 0.00 0.00 118.00 -39.73 0.00 0.00 118.00 -39.73 0.00 0.00 118.00 -39.73 0.00 0.00 
119.00 -39.36 0.00 0.00 119.00 -39.36 0.00 0.00 119.00 -39.36 0.00 0.00 119.00 -39.36 0.00 0.00 119.00 -39.36 0.00 0.00 
120.00 -38.97 0.00 0.00 120.00 -38.97 0.00 0.00 120.00 -38.97 0.00 0.00 120.00 -38.97 0.00 0.00 120.00 -38.97 0.00 0.00 
121.00 -38.57 0.00 0.00 121.00 -38.57 0.00 0.00 121.00 -38.57 0.00 0.00 121.00 -38.57 0.00 0.00 121.00 -38.57 0.00 0.00 
122.00 -38.16 0.00 0.00 122.00 -38.16 0.00 0.00 122.00 -38.16 0.00 0.00 122.00 -38.16 0.00 0.00 122.00 -38.16 0.00 0.00 
123.00 -37.74 0.00 0.00 123.00 -37.74 0.00 0.00 123.00 -37.74 0.00 0.00 123.00 -37.74 0.00 0.00 123.00 -37.74 0.00 0.00 
124.00 -37.31 0.00 0.00 124.00 -37.31 0.00 0.00 124.00 -37.31 0.00 0.00 124.00 -37.31 0.00 0.00 124.00 -37.31 0.00 0.00 
125.00 -36.86 0.00 0.00 125.00 -36.86 0.00 0.00 125.00 -36.86 0.00 0.00 125.00 -36.86 0.00 0.00 125.00 -36.86 0.00 0.00 
126.00 -36.41 0.00 0.00 126.00 -36.41 0.00 0.00 126.00 -36.41 0.00 0.00 126.00 -36.41 0.00 0.00 126.00 -36.41 0.00 0.00 
127.00 -35.94 0.00 0.00 127.00 -35.94 0.00 0.00 127.00 -35.94 0.00 0.00 127.00 -35.94 0.00 0.00 127.00 -35.94 0.00 0.00 
128.00 -35.46 0.00 0.00 128.00 -35.46 0.00 0.00 128.00 -35.46 0.00 0.00 128.00 -35.46 0.00 0.00 128.00 -35.46 0.00 0.00 
129.00 -34.97 0.00 0.00 129.00 -34.97 0.00 0.00 129.00 -34.97 0.00 0.00 129.00 -34.97 0.00 0.00 129.00 -34.97 0.00 0.00 
130.00 -34.47 0.00 0.00 130.00 -34.47 0.00 0.00 130.00 -34.47 0.00 0.00 130.00 -34.47 0.00 0.00 130.00 -34.47 0.00 0.00 
131.00 -33.96 0.00 0.00 131.00 -33.96 0.00 0.00 131.00 -33.96 0.00 0.00 131.00 -33.96 0.00 0.00 131.00 -33.96 0.00 0.00 
132.00 -33.44 0.00 0.00 132.00 -33.44 0.00 0.00 132.00 -33.44 0.00 0.00 132.00 -33.44 0.00 0.00 132.00 -33.44 0.00 0.00 
133.00 -32.91 0.00 0.00 133.00 -32.91 0.00 0.00 133.00 -32.91 0.00 0.00 133.00 -32.91 0.00 0.00 133.00 -32.91 0.00 0.00 
134.00 -32.37 0.00 0.00 134.00 -32.37 0.00 0.00 134.00 -32.37 0.00 0.00 134.00 -32.37 0.00 0.00 134.00 -32.37 0.00 0.00 
135.00 -31.82 0.00 0.00 135.00 -31.82 0.00 0.00 135.00 -31.82 0.00 0.00 135.00 -31.82 0.00 0.00 135.00 -31.82 0.00 0.00 
136.00 -31.26 0.00 0.00 136.00 -31.26 0.00 0.00 136.00 -31.26 0.00 0.00 136.00 -31.26 0.00 0.00 136.00 -31.26 0.00 0.00 
137.00 -30.69 0.00 0.00 137.00 -30.69 0.00 0.00 137.00 -30.69 0.00 0.00 137.00 -30.69 0.00 0.00 137.00 -30.69 0.00 0.00 
138.00 -30.11 0.00 0.00 138.00 -30.11 0.00 0.00 138.00 -30.11 0.00 0.00 138.00 -30.11 0.00 0.00 138.00 -30.11 0.00 0.00 
139.00 -29.52 0.00 0.00 139.00 -29.52 0.00 0.00 139.00 -29.52 0.00 0.00 139.00 -29.52 0.00 0.00 139.00 -29.52 0.00 0.00 
140.00 -28.93 0.00 0.00 140.00 -28.93 0.00 0.00 140.00 -28.93 0.00 0.00 140.00 -28.93 0.00 0.00 140.00 -28.93 0.00 0.00 
141.00 -28.32 0.00 0.00 141.00 -28.32 0.00 0.00 141.00 -28.32 0.00 0.00 141.00 -28.32 0.00 0.00 141.00 -28.32 0.00 0.00 
142.00 -27.70 0.00 0.00 142.00 -27.70 0.00 0.00 142.00 -27.70 0.00 0.00 142.00 -27.70 0.00 0.00 142.00 -27.70 0.00 0.00 
143.00 -27.08 0.00 0.00 143.00 -27.08 0.00 0.00 143.00 -27.08 0.00 0.00 143.00 -27.08 0.00 0.00 143.00 -27.08 0.00 0.00 
144.00 -26.45 0.00 0.00 144.00 -26.45 0.00 0.00 144.00 -26.45 0.00 0.00 144.00 -26.45 0.00 0.00 144.00 -26.45 0.00 0.00 
145.00 -25.81 0.00 0.00 145.00 -25.81 0.00 0.00 145.00 -25.81 0.00 0.00 145.00 -25.81 0.00 0.00 145.00 -25.81 0.00 0.00 
146.00 -25.16 0.00 0.00 146.00 -25.16 0.00 0.00 146.00 -25.16 0.00 0.00 146.00 -25.16 0.00 0.00 146.00 -25.16 0.00 0.00 
147.00 -24.51 0.00 0.00 147.00 -24.51 0.00 0.00 147.00 -24.51 0.00 0.00 147.00 -24.51 0.00 0.00 147.00 -24.51 0.00 0.00 
148.00 -23.85 0.00 0.00 148.00 -23.85 0.00 0.00 148.00 -23.85 0.00 0.00 148.00 -23.85 0.00 0.00 148.00 -23.85 0.00 0.00 
149.00 -23.18 0.00 0.00 149.00 -23.18 0.00 0.00 149.00 -23.18 0.00 0.00 149.00 -23.18 0.00 0.00 149.00 -23.18 0.00 0.00 
150.00 -22.50 0.00 0.00 150.00 -22.50 0.00 0.00 150.00 -22.50 0.00 0.00 150.00 -22.50 0.00 0.00 150.00 -22.50 0.00 0.00 
151.00 -21.82 0.00 0.00 151.00 -21.82 0.00 0.00 151.00 -21.82 0.00 0.00 151.00 -21.82 0.00 0.00 151.00 -21.82 0.00 0.00 
152.00 -21.13 0.00 0.00 152.00 -21.13 0.00 0.00 152.00 -21.13 0.00 0.00 152.00 -21.13 0.00 0.00 152.00 -21.13 0.00 0.00 
153.00 -20.43 0.00 0.00 153.00 -20.43 0.00 0.00 153.00 -20.43 0.00 0.00 153.00 -20.43 0.00 0.00 153.00 -20.43 0.00 0.00 
154.00 -19.73 0.00 0.00 154.00 -19.73 0.00 0.00 154.00 -19.73 0.00 0.00 154.00 -19.73 0.00 0.00 154.00 -19.73 0.00 0.00 
155.00 -19.02 0.00 0.00 155.00 -19.02 0.00 0.00 155.00 -19.02 0.00 0.00 155.00 -19.02 0.00 0.00 155.00 -19.02 0.00 0.00 
156.00 -18.30 0.00 0.00 156.00 -18.30 0.00 0.00 156.00 -18.30 0.00 0.00 156.00 -18.30 0.00 0.00 156.00 -18.30 0.00 0.00 
157.00 -17.58 0.00 0.00 157.00 -17.58 0.00 0.00 157.00 -17.58 0.00 0.00 157.00 -17.58 0.00 0.00 157.00 -17.58 0.00 0.00 
158.00 -16.86 0.00 0.00 158.00 -16.86 0.00 0.00 158.00 -16.86 0.00 0.00 158.00 -16.86 0.00 0.00 158.00 -16.86 0.00 0.00 
159.00 -16.13 0.00 0.00 159.00 -16.13 0.00 0.00 159.00 -16.13 0.00 0.00 159.00 -16.13 0.00 0.00 159.00 -16.13 0.00 0.00 
160.00 -15.39 0.00 0.00 160.00 -15.39 0.00 0.00 160.00 -15.39 0.00 0.00 160.00 -15.39 0.00 0.00 160.00 -15.39 0.00 0.00 
161.00 -14.65 0.00 0.00 161.00 -14.65 0.00 0.00 161.00 -14.65 0.00 0.00 161.00 -14.65 0.00 0.00 161.00 -14.65 0.00 0.00 
162.00 -13.91 0.00 0.00 162.00 -13.91 0.00 0.00 162.00 -13.91 0.00 0.00 162.00 -13.91 0.00 0.00 162.00 -13.91 0.00 0.00 
163.00 -13.16 0.00 0.00 163.00 -13.16 0.00 0.00 163.00 -13.16 0.00 0.00 163.00 -13.16 0.00 0.00 163.00 -13.16 0.00 0.00 
164.00 -12.40 0.00 0.00 164.00 -12.40 0.00 0.00 164.00 -12.40 0.00 0.00 164.00 -12.40 0.00 0.00 164.00 -12.40 0.00 0.00 
165.00 -11.65 0.00 0.00 165.00 -11.65 0.00 0.00 165.00 -11.65 0.00 0.00 165.00 -11.65 0.00 0.00 165.00 -11.65 0.00 0.00 
166.00 -10.89 0.00 0.00 166.00 -10.89 0.00 0.00 166.00 -10.89 0.00 0.00 166.00 -10.89 0.00 0.00 166.00 -10.89 0.00 0.00 
167.00 -10.12 0.00 0.00 167.00 -10.12 0.00 0.00 167.00 -10.12 0.00 0.00 167.00 -10.12 0.00 0.00 167.00 -10.12 0.00 0.00 
168.00 -9.36 0.00 0.00 168.00 -9.36 0.00 0.00 168.00 -9.36 0.00 0.00 168.00 -9.36 0.00 0.00 168.00 -9.36 0.00 0.00 
169.00 -8.59 0.00 0.00 169.00 -8.59 0.00 0.00 169.00 -8.59 0.00 0.00 169.00 -8.59 0.00 0.00 169.00 -8.59 0.00 0.00 
170.00 -7.81 0.00 0.00 170.00 -7.81 0.00 0.00 170.00 -7.81 0.00 0.00 170.00 -7.81 0.00 0.00 170.00 -7.81 0.00 0.00 
171.00 -7.04 0.00 0.00 171.00 -7.04 0.00 0.00 171.00 -7.04 0.00 0.00 171.00 -7.04 0.00 0.00 171.00 -7.04 0.00 0.00 
172.00 -6.26 0.00 0.00 172.00 -6.26 0.00 0.00 172.00 -6.26 0.00 0.00 172.00 -6.26 0.00 0.00 172.00 -6.26 0.00 0.00 
173.00 -5.48 0.00 0.00 173.00 -5.48 0.00 0.00 173.00 -5.48 0.00 0.00 173.00 -5.48 0.00 0.00 173.00 -5.48 0.00 0.00 
174.00 -4.70 0.00 0.00 174.00 -4.70 0.00 0.00 174.00 -4.70 0.00 0.00 174.00 -4.70 0.00 0.00 174.00 -4.70 0.00 0.00 
175.00 -3.92 0.00 0.00 175.00 -3.92 0.00 0.00 175.00 -3.92 0.00 0.00 175.00 -3.92 0.00 0.00 175.00 -3.92 0.00 0.00 
176.00 -3.14 0.00 0.00 176.00 -3.14 0.00 0.00 176.00 -3.14 0.00 0.00 176.00 -3.14 0.00 0.00 176.00 -3.14 0.00 0.00 
177.00 -2.36 0.00 0.00 177.00 -2.36 0.00 0.00 177.00 -2.36 0.00 0.00 177.00 -2.36 0.00 0.00 177.00 -2.36 0.00 0.00 
178.00 -1.57 0.00 0.00 178.00 -1.57 0.00 0.00 178.00 -1.57 0.00 0.00 178.00 -1.57 0.00 0.00 178.00 -1.57 0.00 0.00 
179.00 -0.79 0.00 0.00 179.00 -0.79 0.00 0.00 179.00 -0.79 0.00 0.00 179.00 -0.79 0.00 0.00 179.00 -0.79 0.00 0.00 
180.00 -0.00 0.00 0.00 180.00 -0.00 0.00 0.00 180.00 -0.00 0.00 0.00 180.00 -0.00 0.00 0.00 180.00 -0.00 0.00 0.00 
181.00 0.79 0.00 0.00 181.00 0.79 0.00 0.00 181.00 0.79 0.00 0.00 181.00 0.79 0.00 0.00 181.00 0.79 0.00 0.00 
182.00 1.57 0.00 0.00 182.00 1.57 0.00 0.00 182.00 1.57 0.00 0.00 182.00 1.57 0.00 0.00 182.00 1.57 0.00 0.00 
183.00 2.36 0.00 0.00 183.00 2.36 0.00 0.00 183.00 2.36 0.00 0.00 183.00 2.36 0.00 0.00 183.00 2.36 0.00 0.00 
184.00 3.14 0.00 0.00 184.00 3.14 0.00 0.00 184.00 3.14 0.00 0.00 184.00 3.14 0.00 0.00 184.00 3.14 0.00 0.00 
185.00 3.92 0.00 0.00 185.00 3.92 0.00 0.00 185.00 3.92 0.00 0.00 185.00 3.92 0.00 0.00 185.00 3.92 0.00 0.00 
186.00 4.70 0.00 0.00 186.00 4.70 0.00 0.00 186.00 4.70 0.00 0.00 186.00 4.70 0.00 0.00 186.00 4.70 0.00 0.00 
187.00 5.48 0.00 0.00 187.00 5.48 0.00 0.00 187.00 5.48 0.00 0.00 187.00 5.48 0.00 0.00 187.00 5.48 0.00 0.00 
188.00 6.26 0.00 0.00 188.00 6.26 0.00 0.00 188.00 6.26 0.00 0.00 188.00 6.26 0.00 0.00 188.00 6.26 0.00 0.00 
189.00 7.04 0.00 0.00 189.00 7.04 0.00 0.00 189.00 7.04 0.00 0.00 189.00 7.04 0.00 0.00 189.00 7.04 0.00 0.00 
190.00 7.81 0.00 0.00 190.00 7.81 0.00 0.00 190.00 7.81 0.00 0.00 190.00 7.81 0.00 0.00 190.00 7.81 0.00 0.00 
191.00 8.59 0.00 0.00 191.00 8.59 0.00 0.00 191.00 8.59 0.00 0.00 191.00 8.59 0.00 0.00 191.00 8.59 0.00 0.00 
192.00 9.36 0.00 0.00 192.00 9.36 0.00 0.00 192.00 9.36 0.00 0.00 192.00 9.36 0.00 0.00 192.00 9.36 0.00 0.00 
193.00 10.12 0.00 0.00 193.00 10.12 0.00 0.00 193.00 10.12 0.00 0.00 193.00 10.12 0.00 0.00 193.00 10.12 0.00 0.00 
194.00 10.89 0.00 0.00 194.00 10.89 0.00 0.00 194.00 10.89 0.00 0.00 194.00 10.89 0.00 0.00 194.00 10.89 0.00 0.00 
195.00 11.65 0.00 0.00 195.00 11.65 0.00 0.00 195.00 11.65 0.00 0.00 195.00 11.65 0.00 0.00 195.00 11.65 0.00 0.00 
196.00 12.40 0.00 0.00 196.00 12.40 0.00 0.00 196.00 12.40 0.00 0.00 196.00 12.40 0.00 0.00 196.00 12.40 0.00 0.00 
197.00 13.16 0.00 0.00 197.00 13.16 0.00 0.00 197.00 13.16 0.00 0.00 197.00 13.16 0.00 0.00 197.00 13.16 0.00 0.00 
198.00 13.91 0.00 0.00 198.00 13.91 0.00 0.00 198.00 13.91 0.00 0.00 198.00 13.91 0.00 0.00 198.00 13.91 0.00 0.00 
199.00 14.65 0.00 0.00 199.00 14.65 0.00 0.00 199.00 14.65 0.00 0.00 199.00 14.65 0.00 0.00 199.00 14.65 0.00 0.00 
200.00 15.39 0.00 0.00 200.00 15.39 0.00 0.00 200.00 15.39 0.00 0.00 200.00 15.39 0.00 0.00 200.00 15.39 0.00 0.00 
201.00 16.13 0.00 0.00 201.00 16.13 0.00 0.00 201.00 16.13 0.00 0.00 201.00 16.13 0.00 0.00 201.00 16.13 0.00 0.00 
202.00 16.86 0.00 0.00 202.00 16.86 0.00 0.00 202.00 16.86 0.00 0.00 202.00 16.86 0.00 0.00 202.00 16.86 0.00 0.00 
203.00 17.58 0.00 0.00 203.00 17.58 0.00 0.00 203.00 17.58 0.00 0.00 203.00 17.58 0.00 0.00 203.00 17.58 0.00 0.00 
204.00 18.30 0.00 0.00 204.00 18.30 0.00 0.00 204.00 18.30 0.00 0.00 204.00 18.30 0.00 0.00 204.00 18.30 0.00 0.00 
205.00 19.02 0.00 0.00 205.00 19.02 0.00 0.00 205.00 19.02 0.00 0.00 205.00 19.02 0.00 0.00 205.00 19.02 0.00 0.00 
206.00 19.73 0.00 0.00 206.00 19.73 0.00 0.00 206.00 19.73 0.00 0.00 206.00 19.73 0.00 0.00 206.00 19.73 0.00 0.00 
207.00 20.43 0.00 0.00 207.00 20.43 0.00 0.00 207.00 20.43 0.00 0.00 207.00 20.43 0.00 0.00 207.00 20.43 0.00 0.00 
208.00 21.13 0.00 0.00 208.00 21.13 0.00 0.00 208.00 21.13 0.00 0.00 208.00 21.13 0.00 0.00 208.00 21.13 0.00 0.00 
209.00 21.82 0.00 0.00 209.00 21.82 0.00 0.00 209.00 21.82 0.00 0.00 209.00 21.82 0.00 0.00 209.00 21.82 0.00 0.00 
210.00 22.50 0.00 0.00 210.00 22.50 0.00 0.00 210.00 22.50 0.00 0.00 210.00 22.50 0.00 0.00 210.00 22.50 0.00 0.00 
211.00 23.18 0.00 0.00 211.00 23.18 0.00 0.00 211.00 23.18 0.00 0.00 211.00 23.18 0.00 0.00 211.00 23.18 0.00 0.00 
212.00 23.85 0.00 0.00 212.00 23.85 0.00 0.00 212.00 23.85 0.00 0.00 212.00 23.85 0.00 0.00 212.00 23.85 0.00 0.00 
213.00 24.51 0.00 0.00 213.00 24.51 0.00 0.00 213.00 24.51 0.00 0.00 213.00 24.51 0.00 0.00 213.00 24.51 0.00 0.00 
214.00 25.16 0.00 0.00 214.00 25.16 0.00 0.00 214.00 25.16 0.00 0.00 214.00 25.16 0.00 0.00 214.00 25.16 0.00 0.00 
215.00 25.81 0.00 0.00 215.00 25.81 0.00 0.00 215.00 25.81 0.00 0.00 215.00 25.81 0.00 0.00 215.00 25.81 0.00 0.00 
216.00 26.45 0.00 0.00 216.00 26.45 0.00 0.00 216.00 26.45 0.00 0.00 216.00 26.45 0.00 0.00 216.00 26.45 0.00 0.00 
217.00 27.08 0.00 0.00 217.00 27.08 0.00 0.00 217.00 27.08 0.00 0.00 217.00 27.08 0.00 0.00 217.00 27.08 0.00 0.00 
218.00 27.70 0.00 0.00 218.00 27.70 0.00 0.00 218.00 27.70 0.00 0.00 218.00 27.70 0.00 0.00 218.00 27.70 0.00 0.00 
219.00 28.32 0.00 0.00 219.00 28.32 0.00 0.00 219.00 28.32 0.00 0.00 219.00 28.32 0.00 0.00 219.00 28.32 0.00 0.00 
220.00 28.93 0.00 0.00 220.00 28.93 0.00 0.00 220.00 28.93 0.00 0.00 220.00 28.93 0.00 0.00 220.00 28.93 0.00 0.00 
221.00 29.52 0.00 0.00 221.00 29.52 0.00 0.00 221.00 29.52 0.00 0.00 221.00 29.52 0.00 0.00 221.00 29.52 0.00 0.00 
222.00 30.11 0.00 0.00 222.00 30.11 0.00 0.00 222.00 30.11 0.00 0.00 222.00 30.11 0.00 0.00 222.00 30.11 0.00 0.00 
223.00 30.69 0.00 0.00 223.00 30.69 0.00 0.00 223.00 30.69 0.00 0.00 223.00 30.69 0.00 0.00 223.00 30.69 0.00 0.00 
224.00 31.26 0.00 0.00 224.00 31.26 0.00 0.00 224.00 31.26 0.00 0.00 224.00 31.26 0.00 0.00 224.00 31.26 0.00 0.00 
225.00 31.82 0.00 0.00 225.00 31.82 0.00 0.00 225.00 31.82 0.00 0.00 225.00 31.82 0.00 0.00 225.00 31.82 0.00 0.00 
226.00 32.37 0.00 0.00 226.00 32.37 0.00 0.00 226.00 32.37 0.00 0.00 226.00 32.37 0.00 0.00 226.00 32.37 0.00 0.00 
227.00 32.91 0.00 0.00 227.00 32.91 0.00 0.00 227.00 32.91 0.00 0.00 227.00 32.91 0.00 0.00 227.00 32.91 0.00 0.00 
228.00 33.44 0.00 0.00 228.00 33.44 0.00 0.00 228.00 33.44 0.00 0.00 228.00 33.44 0.00 0.00 228.00 33.44 0.00 0.00 
229.00 33.96 0.00 0.00 229.00 33.96 0.00 0.00 229.00 33.96 0.00 0.00 229.00 33.96 0.00 0.00 229.00 33.96 0.00 0.00 
230.00 34.47 0.00 0.00 230.00 34.47 0.00 0.00 230.00 34.47 0.00 0.00 230.00 34.47 0.00 0.00 230.00 34.47 0.00 0.00 
231.00 34.97 0.00 0.00 231.00 34.97 0.00 0.00 231.00 34.97 0.00 0.00 231.00 34.97 0.00 0.00 231.00 34.97 0.00 0.00 
232.00 35.46 0.00 0.00 232.00 35.46 0.00 0.00 232.00 35.46 0.00 0.00 232.00 35.46 0.00 0.00 232.00 35.46 0.00 0.00 
233.00 35.94 0.00 0.00 233.00 35.94 0.00 0.00 233.00 35.94 0.00 0.00 233.00 35.94 0.00 0.00 233.00 35.94 0.00 0.00 
234.00 36.41 0.00 0.00 234.00 36.41 0.00 0.00 234.00 36.41 0.00 0.00 234.00 36.41 0.00 0.00 234.00 36.41 0.00 0.00 
235.00 36.86 0.00 0.00 235.00 36.86 0.00 0.00 235.00 36.86 0.00 0.00 235.00 36.86 0.00 0.00 235.00 36.86 0.00 0.00 
236.00 37.31 0.00 0.00 236.00 37.31 0.00 0.00 236.00 37.31 0.00 0.00 236.00 37.31 0.00 0.00 236.00 37.31 0.00 0.00 
237.00 37.74 0.00 0.00 237.00 37.74 0.00 0.00 237.00 37.74 0.00 0.00 237.00 37.74 0.00 0.00 237.00 37.74 0.00 0.00 
238.00 38.16 0.00 0.00 238.00 38.16 0.00 0.00 238.00 38.16 0.00 0.00 238.00 38.16 0.00 0.00 238.00 38.16 0.00 0.00 
239.00 38.57 0.00 0.00 239.00 38.57 0.00 0.00 239.00 38.57 0.00 0.00 239.00 38.57 0.00 0.00 239.00 38.57 0.00 0.00 
240.00 38.97 0.00 0.00 240.00 38.97 0.00 0.00 240.00 38.97 0.00 0.00 240.00 38.97 0.00 0.00 240.00 38.97 0.00 0.00 
241.00 39.36 0.00 0.00 241.00 39.36 0.00 0.00 241.00 39.36 0.00 0.00 241.00 39.36 0.00 0.00 241.00 39.36 0.00 0.00 
242.00 39.73 0.00 0.00 242.00 39.73 0.00 0.00 242.00 39.73 0.00 0.00 242.00 39.73 0.00 0.00 242.00 39.73 0.00 0.00 
243.00 40.10 0.00 0.00 243.00 40.10 0.00 0.00 243.00 40.10 0.00 0.00 243.00 40.10 0.00 0.00 243.00 40.10 0.00 0.00 
244.00 40.45 0.00 0.00 244.00 40.45 0.00 0.00 244.00 40.45 0.00 0.00 244.00 40.45 0.00 0.00 244.00 40.45 0.00 0.00 
245.00 40.78 0.00 0.00 245.00 40.78 0.00 0.00 245.00 40.78 0.00 0.00 245.00 40.78 0.00 0.00 245.00 40.78 0.00 0.00 
246.00 41.11 0.00 0.00 246.00 41.11 0.00 0.00 246.00 41.11 0.00 0.00 246.00 41.11 0.00 0.00 246.00 41.11 0.00 0.00 
247.00 41.42 0.00 0.00 247.00 41.42 0.00 0.00 247.00 41.42 0.00 0.00 247.00 41.42 0.00 0.00 247.00 41.42 0.00 0.00 
248.00 41.72 0.00 0.00 248.00 41.72 0.00 0.00 248.00 41.72 0.00 0.00 248.00 41.72 0.00 0.00 248.00 41.72 0.00 0.00 
249.00 42.01 0.00 0.00 249.00 42.01 0.00 0.00 249.00 42.01 0.00 0.00 249.00 42.01 0.00 0.00 249.00 42.01 0.00 0.00 
250.00 42.29 0.00 0.00 250.00 42.29 0.00 0.00 250.00 42.29 0.00 0.00 250.00 42.29 0.00 0.00 250.00 42.29 0.00 0.00 
251.00 42.55 0.00 0.00 251.00 42.55 0.00 0.00 251.00 42.55 0.00 0.00 251.00 42.55 0.00 0.00 251.00 42.55 0.00 0.00 
252.00 42.80 0.00 0.00 252.00 42.80 0.00 0.00 252.00 42.80 0.00 0.00 252.00 42.80 0.00 0.00 252.00 42.80 0.00 0.00 
253.00 43.03 0.00 0.00 253.00 43.03 0.00 0.00 253.00 43.03 0.00 0.00 253.00 43.03 0.00 0.00 253.00 43.03 0.00 0.00 
254.00 43.26 0.00 0.00 254.00 43.26 0.00 0.00 254.00 43.26 0.00 0.00 254.00 43.26 0.00 0.00 254.00 43.26 0.00 0.00 
255.00 43.47 0.00 0.00 255.00 43.47 0.00 0.00 255.00 43.47 0.00 0.00 255.00 43.47 0.00 0.00 255.00 43.47 0.00 0.00 
256.00 43.66 0.00 0.00 256.00 43.66 0.00 0.00 256.00 43.66 0.00 0.00 256.00 43.66 0.00 0.00 256.00 43.66 0.00 0.00 
257.00 43.85 0.00 0.00 257.00 43.85 0.00 0.00 257.00 43.85 0.00 0.00 257.00 43.85 0.00 0.00 257.00 43.85 0.00 0.00 
258.00 44.02 0.00 0.00 258.00 44.02 0.00 0.00 258.00 44.02 0.00 0.00 258.00 44.02 0.00 0.00 258.00 44.02 0.00 0.00 
259.00 44.17 0.00 0.00 259.00 44.17 0.00 0.00 259.00 44.17 0.00 0.00 259.00 44.17 0.00 0.00 259.00 44.17 0.00 0.00 
260.00 44.32 0.00 0.00 260.00 44.32 0.00 0.00 260.00 44.32 0.00 0.00 260.00 44.32 0.00 0.00 260.00 44.32 0.00 0.00 
261.00 44.45 0.00 0.00 261.00 44.45 0.00 0.00 261.00 44.45 0.00 0.00 261.00 44.45 0.00 0.00 261.00 44.45 0.00 0.00 
262.00 44.56 0.00 0.00 262.00 44.56 0.00 0.00 262.00 44.56 0.00 0.00 262.00 44.56 0.00 0.00 262.00 44.56 0.00 0.00 
263.00 44.66 0.00 0.00 263.00 44.66 0.00 0.00 263.00 44.66 0.00 0.00 263.00 44.66 0.00 0.00 263.00 44.66 0.00 0.00 
264.00 44.75 0.00 0.00 264.00 44.75 0.00 0.00 264.00 44.75 0.00 0.00 264.00 44.75 0.00 0.00 264.00 44.75 0.00 0.00 
265.00 44.83 0.00 0.00 265.00 44.83 0.00 0.00 265.00 44.83 0.00 0.00 265.00 44.83 0.00 0.00 265.00 44.83 0.00 0.00 
266.00 44.89 0.00 0.00 266.00 44.89 0.00 0.00 266.00 44.89 0.00 0.00 266.00 44.89 0.00 0.00 266.00 44.89 0.00 0.00 
267.00 44.94 0.00 0.00 267.00 44.94 0.00 0.00 267.00 44.94 0.00 0.00 267.00 44.94 0.00 0.00 267.00 44.94 0.00 0.00 
268.00 44.97 0.00 0.00 268.00 44.97 0.00 0.00 268.00 44.97 0.00 0.00 268.00 44.97 0.00 0.00 268.00 44.97 0.00 0.00 
269.00 44.99 0.00 0.00 269.00 44.99 0.00 0.00 269.00 44.99 0.00 0.00 269.00 44.99 0.00 0.00 269.00 44.99 0.00 0.00 
270.00 45.00 0.00 0.00 270.00 45.00 0.00 0.00 270.00 45.00 0.00 0.00 270.00 45.00 0.00 0.00 270.00 45.00 0.00 0.00 
271.00 44.99 0.00 0.00 271.00 44.99 0.00 0.00 271.00 44.99 0.00 0.00 271.00 44.99 0.00 0.00 271.00 44.99 0.00 0.00 
272.00 44.97 0.00 0.00 272.00 44.97 0.00 0.00 272.00 44.97 0.00 0.00 272.00 44.97 0.00 0.00 272.00 44.97 0.00 0.00 
273.00 44.94 0.00 0.00 273.00 44.94 0.00 0.00 273.00 44.94 0.00 0.00 273.00 44.94 0.00 0.00 273.00 44.94 0.00 0.00 
274.00 44.89 0.00 0.00 274.00 44.89 0.00 0.00 274.00 44.89 0.00 0.00 274.00 44.89 0.00 0.00 274.00 44.89 0.00 0.00 
275.00 44.83 0.00 0.00 275.00 44.83 0.00 0.00 275.00 44.83 0.00 0.00 275.00 44.83 0.00 0.00 275.00 44.83 0.00 0.00 
276.00 44.75 0.00 0.00 276.00 44.75 0.00 0.00 276.00 44.75 0.00 0.00 276.00 44.75 0.00 0.00 276.00 44.75 0.00 0.00 
277.00 44.66 0.00 0.00 277.00 44.66 0.00 0.00 277.00 44.66 0.00 0.00 277.00 44.66 0.00 0.00 277.00 44.66 0.00 0.00 
278.00 44.56 0.00 0.00 278.00 44.56 0.00 0.00 278.00 44.56 0.00 0.00 278.00 44.56 0.00 0.00 278.00 44.56 0.00 0.00 
279.00 44.45 0.00 0.00 279.00 44.45 0.00 0.00 279.00 44.45 0.00 0.00 279.00 44.45 0.00 0.00 279.00 44.45 0.00 0.00 
280.00 44.32 0.00 0.00 280.00 44.32 0.00 0.00 280.00 44.32 0.00 0.00 280.00 44.32 0.00 0.00 280.00 44.32 0.00 0.00 
281.00 44.17 0.00 0.00 281.00 44.17 0.00 0.00 281.00 44.17 0.00 0.00 281.00 44.17 0.00 0.00 281.00 44.17 0.00 0.00 
282.00 44.02 0.00 0.00 282.00 44.02 0.00 0.00 282.00 44.02 0.00 0.00 282.00 44.02 0.00 0.00 282.00 44.02 0.00 0.00 
283.00 43.85 0.00 0.00 283.00 43.85 0.00 0.00 283.00 43.85 0.00 0.00 283.00 43.85 0.00 0.00 283.00 43.85 0.00 0.00 
284.00 43.66 0.00 0.00 284.00 43.66 0.00 0.00 284.00 43.66 0.00 0.00 284.00 43.66 0.00 0.00 284.00 43.66 0.00 0.00 
285.00 43.47 0.00 0.00 285.00 43.47 0.00 0.00 285.00 43.47 0.00 0.00 285.00 43.47 0.00 0.00 285.00 43.47 0.00 0.00 
286.00 43.26 0.00 0.00 286.00 43.26 0.00 0.00 286.00 43.26 0.00 0.00 286.00 43.26 0.00 0.00 286.00 43.26 0.00 0.00 
287.00 43.03 0.00 0.00 287.00 43.03 0.00 0.00 287.00 43.03 0.00 0.00 287.00 43.03 0.00 0.00 287.00 43.03 0.00 0.00 
288.00 42.80 0.00 0.00 288.00 42.80 0.00 0.00 288.00 42.80 0.00 0.00 288.00 42.80 0.00 0.00 288.00 42.80 0.00 0.00 
289.00 42.55 0.00 0.00 289.00 42.55 0.00 0.00 289.00 42.55 0.00 0.00 289.00 42.55 0.00 0.00 289.00 42.55 0.00 0.00 
290.00 42.29 0.00 0.00 290.00 42.29 0.00 0.00 290.00 42.29 0.00 0.00 290.00 42.29 0.00 0.00 290.00 42.29 0.00 0.00 
291.00 42.01 0.00 0.00 291.00 42.01 0.00 0.00 291.00 42.01 0.00 0.00 291.00 42.01 0.00 0.00 291.00 42.01 0.00 0.00 
292.00 41.72 0.00 0.00 292.00 41.72 0.00 0.00 292.00 41.72 0.00 0.00 292.00 41.72 0.00 0.00 292.00 41.72 0.00 0.00 
293.00 41.42 0.00 0.00 293.00 41.42 0.00 0.00 293.00 41.42 0.00 0.00 293.00 41.42 0.00 0.00 293.00 41.42 0.00 0.00 
294.00 41.11 0.00 0.00 294.00 41.11 0.00 0.00 294.00 41.11 0.00 0.00 294.00 41.11 0.00 0.00 294.00 41.11 0.00 0.00 
295.00 40.78 0.00 0.00 295.00 40.78 0.00 0.00 295.00 40.78 0.00 0.00 295.00 40.78 0.00 0.00 295.00 40.78 0.00 0.00 
296.00 40.45 0.00 0.00 296.00 40.45 0.00 0.00 296.00 40.45 0.00 0.00 296.00 40.45 0.00 0.00 296.00 40.45 0.00 0.00 
297.00 40.10 0.00 0.00 297.00 40.10 0.00 0.00 297.00 40.10 0.00 0.00 297.00 40.10 0.00 0.00 297.00 40.10 0.00 0.00 
298.00 39.73 0.00 0.00 298.00 39.73 0.00 0.00 298.00 39.73 0.00 0.00 298.00 39.73 0.00 0.00 298.00 39.73 0.00 0.00 
299.00 39.36 0.00 0.00 299.00 39.36 0.00 0.00 299.00 39.36 0.00 0.00 299.00 39.36 0.00 0.00 299.00 39.36 0.00 0.00 
300.00 38.97 0.00 0.00 300.00 38.97 0.00 0.00 300.00 38.97 0.00 0.00 300.00 38.97 0.00 0.00 300.00 38.97 0.00 0.00 
301.00 38.57 0.00 0.00 301.00 38.57 0.00 0.00 301.00 38.57 0.00 0.00 301.00 38.57 0.00 0.00 301.00 38.57 0.00 0.00 
302.00 38.16 0.00 0.00 302.00 38.16 0.00 0.00 302.00 38.16 0.00 0.00 302.00 38.16 0.00 0.00 302.00 38.16 0.00 0.00 
303.00 37.74 0.00 0.00 303.00 37.74 0.00 0.00 303.00 37.74 0.00 0.00 303.00 37.74 0.00 0.00 303.00 37.74 0.00 0.00 
304.00 37.31 0.00 0.00 304.00 37.31 0.00 0.00 304.00 37.31 0.00 0.00 304.00 37.31 0.00 0.00 304.00 37.31 0.00 0.00 
305.00 36.86 0.00 0.00 305.00 36.86 0.00 0.00 305.00 36.86 0.00 0.00 305.00 36.86 0.00 0.00 305.00 36.86 0.00 0.00 
306.00 36.41 0.00 0.00 306.00 36.41 0.00 0.00 306.00 36.41 0.00 0.00 306.00 36.41 0.00 0.00 306.00 36.41 0.00 0.00 
307.00 35.94 0.00 0.00 307.00 35.94 0.00 0.00 307.00 35.94 0.00 0.00 307.00 35.94 0.00 0.00 307.00 35.94 0.00 0.00 
308.00 35.46 0.00 0.00 308.00 35.46 0.00 0.00 308.00 35.46 0.00 0.00 308.00 35.46 0.00 0.00 308.00 35.46 0.00 0.00 
309.00 34.97 0.00 0.00 309.00 34.97 0.00 0.00 309.00 34.97 0.00 0.00 309.00 34.97 0.00 0.00 309.00 34.97 0.00 0.00 
310.00 34.47 0.00 0.00 310.00 34.47 0.00 0.00 310.00 34.47 0.00 0.00 310.00 34.47 0.00 0.00 310.00 34.47 0.00 0.00 
311.00 33.96 0.00 0.00 311.00 33.96 0.00 0.00 311.00 33.96 0.00 0.00 311.00 33.96 0.00 0.00 311.00 33.96 0.00 0.00 
312.00 33.44 0.00 0.00 312.00 33.44 0.00 0.00 312.00 33.44 0.00 0.00 312.00 33.44 0.00 0.00 312.00 33.44 0.00 0.00 
313.00 32.91 0.00 0.00 313.00 32.91 0.00 0.00 313.00 32.91 0.00 0.00 313.00 32.91 0.00 0.00 313.00 32.91 0.00 0.00 
314.00 32.37 0.00 0.00 314.00 32.37 0.00 0.00 314.00 32.37 0.00 0.00 314.00 32.37 0.00 0.00 314.00 32.37 0.00 0.00 
315.00 31.82 0.00 0.00 315.00 31.82 0.00 0.00 315.00 31.82 0.00 0.00 315.00 31.82 0.00 0.00 315.00 31.82 0.00 0.00 
316.00 31.26 0.00 0.00 316.00 31.26 0.00 0.00 316.00 31.26 0.00 0.00 316.00 31.26 0.00 0.00 316.00 31.26 0.00 0.00 
317.00 30.69 0.00 0.00 317.00 30.69 0.00 0.00 317.00 30.69 0.00 0.00 317.00 30.69 0.00 0.00 317.00 30.69 0.00 0.00 
318.00 30.11 0.00 0.00 318.00 30.11 0.00 0.00 318.00 30.11 0.00 0.00 318.00 30.11 0.00 0.00 318.00 30.11 0.00 0.00 
319.00 29.52 0.00 0.00 319.00 29.52 0.00 0.00 319.00 29.52 0.00 0.00 319.00 29.52 0.00 0.00 319.00 29.52 0.00 0.00 
320.00 28.93 0.00 0.00 320.00 28.93 0.00 0.00 320.00 28.93 0.00 0.00 320.00 28.93 0.00 0.00 320.00 28.93 0.00 0.00 
321.00 28.32 0.00 0.00 321.00 28.32 0.00 0.00 321.00 28.32 0.00 0.00 321.00 28.32 0.00 0.00 321.00 28.32 0.00 0.00 
322.00 27.70 0.00 0.00 322.00 27.70 0.00 0.00 322.00 27.70 0.00 0.00 322.00 27.70 0.00 0.00 322.00 27.70 0.00 0.00 
323.00 27.08 0.00 0.00 323.00 27.08 0.00 0.00 323.00 27.08 0.00 0.00 323.00 27.08 0.00 0.00 323.00 27.08 0.00 0.00 
324.00 26.45 0.00 0.00 324.00 26.45 0.00 0.00 324.00 26.45 0.00 0.00 324.00 26.45 0.00 0.00 324.00 26.45 0.00 0.00 
325.00 25.81 0.00 0.00 325.00 25.81 0.00 0.00 325.00 25.81 0.00 0.00 325.00 25.81 0.00 0.00 325.00 25.81 0.00 0.00 
326.00 25.16 0.00 0.00 326.00 25.16 0.00 0.00 326.00 25.16 0.00 0.00 326.00 25.16 0.00 0.00 326.00 25.16 0.00 0.00 
327.00 24.51 0.00 0.00 327.00 24.51 0.00 0.00 327.00 24.51 0.00 0.00 327.00 24.51 0.00 0.00 327.00 24.51 0.00 0.00 
328.00 23.85 0.00 0.00 328.00 23.85 0.00 0.00 328.00 23.85 0.00 0.00 328.00 23.85 0.00 0.00 328.00 23.85 0.00 0.00 
329.00 23.18 0.00 0.00 329.00 23.18 0.00 0.00 329.00 23.18 0.00 0.00 329.00 23.18 0.00 0.00 329.00 23.18 0.00 0.00 
330.00 22.50 0.00 0.00 330.00 22.50 0.00 0.00 330.00 22.50 0.00 0.00 330.00 22.50 0.00 0.00 330.00 22.50 0.00 0.00 
331.00 21.82 0.00 0.00 331.00 21.82 0.00 0.00 331.00 21.82 0.00 0.00 331.00 21.82 0.00 0.00 331.00 21.82 0.00 0.00 
332.00 21.13 0.00 0.00 332.00 21.13 0.00 0.00 332.00 21.13 0.00 0.00 332.00 21.13 0.00 0.00 332.00 21.13 0.00 0.00 
333.00 20.43 0.00 0.00 333.00 20.43 0.00 0.00 333.00 20.43 0.00 0.00 333.00 20.43 0.00 0.00 333.00 20.43 0.00 0.00 
334.00 19.73 0.00 0.00 334.00 19.73 0.00 0.00 334.00 19.73 0.00 0.00 334.00 19.73 0.00 0.00 334.00 19.73 0.00 0.00 
335.00 19.02 0.00 0.00 335.00 19.02 0.00 0.00 335.00 19.02 0.00 0.00 335.00 19.02 0.00 0.00 335.00 19.02 0.00 0.00 
336.00 18.30 0.00 0.00 336.00 18.30 0.00 0.00 336.00 18.30 0.00 0.00 336.00 18.30 0.00 0.00 336.00 18.30 0.00 0.00 
337.00 17.58 0.00 0.00 337.00 17.58 0.00 0.00 337.00 17.58 0.00 0.00 337.00 17.58 0.00 0.00 337.00 17.58 0.00 0.00 
338.00 16.86 0.00 0.00 338.00 16.86 0.00 0.00 338.00 16.86 0.00 0.00 338.00 16.86 0.00 0.00 338.00 16.86 0.00 0.00 
339.00 16.13 0.00 0.00 339.00 16.13 0.00 0.00 339.00 16.13 0.00 0.00 339.00 16.13 0.00 0.00 339.00 16.13 0.00 0.00 
340.00 15.39 0.00 0.00 340.00 15.39 0.00 0.00 340.00 15.39 0.00 0.00 340.00 15.39 0.00 0.00 340.00 15.39 0.00 0.00 
341.00 14.65 0.00 0.00 341.00 14.65 0.00 0.00 341.00 14.65 0.00 0.00 341.00 14.65 0.00 0.00 341.00 14.65 0.00 0.00 
342.00 13.91 0.00 0.00 342.00 13.91 0.00 0.00 342.00 13.91 0.00 0.00 342.00 13.91 0.00 0.00 342.00 13.91 0.00 0.00 
343.00 13.16 0.00 0.00 343.00 13.16 0.00 0.00 343.00 13.16 0.00 0.00 343.00 13.16 0.00 0.00 343.00 13.16 0.00 0.00 
344.00 12.40 0.00 0.00 344.00 12.40 0.00 0.00 344.00 12.40 0.00 0.00 344.00 12.40 0.00 0.00 344.00 12.40 0.00 0.00 
345.00 11.65 0.00 0.00 345.00 11.65 0.00 0.00 345.00 11.65 0.00 0.00 345.00 11.65 0.00 0.00 345.00 11.65 0.00 0.00 
346.00 10.89 0.00 0.00 346.00 10.89 0.00 0.00 346.00 10.89 0.00 0.00 346.00 10.89 0.00 0.00 346.00 10.89 0.00 0.00 
347.00 10.12 0.00 0.00 347.00 10.12 0.00 0.00 347.00 10.12 0.00 0.00 347.00 10.12 0.00 0.00 347.00 10.12 0.00 0.00 
348.00 9.36 0.00 0.00 348.00 9.36 0.00 0.00 348.00 9.36 0.00 0.00 348.00 9.36 0.00 0.00 348.00 9.36 0.00 0.00 
349.00 8.59 0.00 0.00 349.00 8.59 0.00 0.00 349.00 8.59 0.00 0.00 349.00 8.59 0.00 0.00 349.00 8.59 0.00 0.00 
350.00 7.81 0.00 0.00 350.00 7.81 0.00 0.00 350.00 7.81 0.00 0.00 350.00 7.81 0.00 0.00 350.00 7.81 0.00 0.00 
351.00 7.04 0.00 0.00 351.00 7.04 0.00 0.00 351.00 7.04 0.00 0.00 351.00 7.04 0.00 0.00 351.00 7.04 0.00 0.00 
352.00 6.26 0.00 0.00 352.00 6.26 0.00 0.00 352.00 6.26 0.00 0.00 352.00 6.26 0.00 0.00 352.00 6.26 0.00 0.00 
353.00 5.48 0.00 0.00 353.00 5.48 0.00 0.00 353.00 5.48 0.00 0.00 353.00 5.48 0.00 0.00 353.00 5.48 0.00 0.00 
354.00 4.70 0.00 0.00 354.00 4.70 0.00 0.00 354.00 4.70 0.00 0.00 354.00 4.70 0.00 0.00 354.00 4.70 0.00 0.00 
355.00 3.92 0.00 0.00 355.00 3.92 0.00 0.00 355.00 3.92 0.00 0.00 355.00 3.92 0.00 0.00 355.00 3.92 0.00 0.00 
356.00 3.14 0.00 0.00 356.00 3.14 0.00 0.00 356.00 3.14 0.00 0.00 356.00 3.14 0.00 0.00 356.00 3.14 0.00 0.00 
357.00 2.36 0.00 0.00 357.00 2.36 0.00 0.00 357.00 2.36 0.00 0.00 357.00 2.36 0.00 0.00 357.00 2.36 0.00 0.00 
358.00 1.57 0.00 0.00 358.00 1.57 0.00 0.00 358.00 1.57 0.00 0.00 358.00 1.57 0.00 0.00 358.00 1.57 0.00 0.00 
359.00 0.79 0.00 0.00 359.00 0.79 0.00 0.00 359.00 0.79 0.00 0.00 359.00 0.79 0.00 0.00 359.00 0.79 0.00 0.00 
360.00 0.00 0.00 0.00 360.00 0.00 0.00 0.00 360.00 0.00 0.00 0.00 360.00 0.00 0.00 0.00 360.00 0.00 0.00 0.00 
361.00 -0.79 0.00 0.00 361.00 -0.79 0.00 0.00 361.00 -0.79 0.00 0.00 361.00 -0.79 0.00 0.00 361.00 -0.79 0.00 0.00 
362.00 -1.57 0.00 0.00 362.00 -1.57 0.00 0.00 362.00 -1.57 0.00 0.00 362.00 -1.57 0.00 0.00 362.00 -1.57 0.00 0.00 
363.00 -2.36 0.00 0.00 363.00 -2.36 0.00 0.00 363.00 -2.36 0.00 0.00 363.00 -2.36 0.00 0.00 363.00 -2.36 0.00 0.00 
364.00 -3.14 0.00 0.00 364.00 -3.14 0.00 0.00 364.00 -3.14 0.00 0.00 364.00 -3.14 0.00 0.00 364.00 -3.14 0.00 0.00 
365.00 -3.92 0.00 0.00 365.00 -3.92 0.00 0.00 365.00 -3.92 0.00 0.00 365.00 -3.92 0.00 0.00 365.00 -3.92 0.00 0.00 
366.00 -4.70 0.00 0.00 366.00 -4.70 0.00 0.00 366.00 -4.70 0.00 0.00 366.00 -4.70 0.00 0.00 366.00 -4.70 0.00 0.00 
367.00 -5.48 0.00 0.00 367.00 -5.48 0.00 0.00 367.00 -5.48 0.00 0.00 367.00 -5.48 0.00 0.00 367.00 -5.48 0.00 0.00 
368.00 -6.26 0.00 0.00 368.00 -6.26 0.00 0.00 368.00 -6.26 0.00 0.00 368.00 -6.26 0.00 0.00 368.00 -6.26 0.00 0.00 
369.00 -7.04 0.00 0.00 369.00 -7.04 0.00 0.00 369.00 -7.04 0.00 0.00 369.00 -7.04 0.00 0.00 369.00 -7.04 0.00 0.00 
370.00 -7.81 0.00 0.00 370.00 -7.81 0.00 0.00 370.00 -7.81 0.00 0.00 370.00 -7.81 0.00 0.00 370.00 -7.81 0.00 0.00 
371.00 -8.59 0.00 0.00 371.00 -8.59 0.00 0.00 371.00 -8.59 0.00 0.00 371.00 -8.59 0.00 0.00 371.00 -8.59 0.00 0.00 
372.00 -9.36 0.00 0.00 372.00 -9.36 0.00 0.00 372.00 -9.36 0.00 0.00 372.00 -9.36 0.00 0.00 372.00 -9.36 0.00 0.00 
373.00 -10.12 0.00 0.00 373.00 -10.12 0.00 0.00 373.00 -10.12 0.00 0.00 373.00 -10.12 0.00 0.00 373.00 -10.12 0.00 0.00 
374.00 -10.89 0.00 0.00 374.00 -10.89 0.00 0.00 374.00 -10.89 0.00 0.00 374.00 -10.89 0.00 0.00 374.00 -10.89 0.00 0.00 
375.00 -11.65 0.00 0.00 375.00 -11.65 0.00 0.00 375.00 -11.65 0.00 0.00 375.00 -11.65 0.00 0.00 375.00 -11.65 0.00 0.00 
376.00 -12.40 0.00 0.00 376.00 -12.40 0.00 0.00 376.00 -12.40 0.00 0.00 376.00 -12.40 0.00 0.00 376.00 -12.40 0.00 0.00 
377.00 -13.16 0.00 0.00 377.00 -13.16 0.00 0.00 377.00 -13.16 0.00 0.00 377.00 -13.16 0.00 0.00 377.00 -13.16 0.00 0.00 
378.00 -13.91 0.00 0.00 378.00 -13.91 0.00 0.00 378.00 -13.91 0.00 0.00 378.00 -13.91 0.00 0.00 378.00 -13.91 0.00 0.00 
379.00 -14.65 0.00 0.00 379.00 -14.65 0.00 0.00 379.00 -14.65 0.00 0.00 379.00 -14.65 0.00 0.00 379.00 -14.65 0.00 0.00 
380.00 -15.39 0.00 0.00 380.00 -15.39 0.00 0.00 380.00 -15.39 0.00 0.00 380.00 -15.39 0.00 0.00 380.00 -15.39 0.00 0.00 
381.00 -16.13 0.00 0.00 381.00 -16.13 0.00 0.00 381.00 -16.13 0.00 0.00 381.00 -16.13 0.00 0.00 381.00 -16.13 0.00 0.00 
382.00 -16.86 0.00 0.00 382.00 -16.86 0.00 0.00 382.00 -16.86 0.00 0.00 382.00 -16.86 0.00 0.00 382.00 -16.86 0.00 0.00 
383.00 -17.58 0.00 0.00 383.00 -17.58 0.00 0.00 383.00 -17.58 0.00 0.00 383.00 -17.58 0.00 0.00 383.00 -17.58 0.00 0.00 
384.00 -18.30 0.00 0.00 384.00 -18.30 0.00 0.00 384.00 -18.30 0.00 0.00 384.00 -18.30 0.00 0.00 384.00 -18.30 0.00 0.00 
385.00 -19.02 0.00 0.00 385.00 -19.02 0.00 0.00 385.00 -19.02 0.00 0.00 385.00 -19.02 0.00 0.00 385.00 -19.02 0.00 0.00 
386.00 -19.73 0.00 0.00 386.00 -19.73 0.00 0.00 386.00 -19.73 0.00 0.00 386.00 -19.73 0.00 0.00 386.00 -19.73 0.00 0.00 
387.00 -20.43 0.00 0.00 387.00 -20.43 0.00 0.00 387.00 -20.43 0.00 0.00 387.00 -20.43 0.00 0.00 387.00 -20.43 0.00 0.00 
388.00 -21.13 0.00 0.00 388.00 -21.13 0.00 0.00 388.00 -21.13 0.00 0.00 388.00 -21.13 0.00 0.00 388.00 -21.13 0.00 0.00 
389.00 -21.82 0.00 0.00 389.00 -21.82 0.00 0.00 389.00 -21.82 0.00 0.00 389.00 -21.82 0.00 0.00 389.00 -21.82 0.00 0.00 
390.00 -22.50 0.00 0.00 390.00 -22.50 0.00 0.00 390.00 -22.50 0.00 0.00 390.00 -22.50 0.00 0.00 390.00 -22.50 0.00 0.00 
391.00 -23.18 0.00 0.00 391.00 -23.18 0.00 0.00 391.00 -23.18 0.00 0.00 391.00 -23.18 0.00 0.00 391.00 -23.18 0.00 0.00 
392.00 -23.85 0.00 0.00 392.00 -23.85 0.00 0.00 392.00 -23.85 0.00 0.00 392.00 -23.85 0.00 0.00 392.00 -23.85 0.00 0.00 
393.00 -24.51 0.00 0.00 393.00 -24.51 0.00 0.00 393.00 -24.51 0.00 0.00 393.00 -24.51 0.00 0.00 393.00 -24.51 0.00 0.00 
394.00 -25.16 0.00 0.00 394.00 -25.16 0.00 0.00 394.00 -25.16 0.00 0.00 394.00 -25.16 0.00 0.00 394.00 -25.16 0.00 0.00 
395.00 -25.81 0.00 0.00 395.00 -25.81 0.00 0.00 395.00 -25.81 0.00 0.00 395.00 -25.81 0.00 0.00 395.00 -25.81 0.00 0.00 
396.00 -26.45 0.00 0.00 396.00 -26.45 0.00 0.00 396.00 -26.45 0.00 0.00 396.00 -26.45 0.00 0.00 396.00 -26.45 0.00 0.00 
397.00 -27.08 0.00 0.00 397.00 -27.08 0.00 0.00 397.00 -27.08 0.00 0.00 397.00 -27.08 0.00 0.00 397.00 -27.08 0.00 0.00 
398.00 -27.70 0.00 0.00 398.00 -27.70 0.00 0.00 398.00 -27.70 0.00 0.00 398.00 -27.70 0.00 0.00 398.00 -27.70 0.00 0.00 
399.00 -28.32 0.00 0.00 399.00 -28.32 0.00 0.00 399.00 -28.32 0.00 0.00 399.00 -28.32 0.00 0.00 399.00 -28.32 0.00 0.00 
400.00 -28.93 0.00 0.00 400.00 -28.93 0.00 0.00 400.00 -28.93 0.00 0.00 400.00 -28.93 0.00 0.00 400.00 -28.93 0.00 0.00 
401.00 -29.52 0.00 0.00 401.00 -29.52 0.00 0.00 401.00 -29.52 0.00 0.00 401.00 -29.52 0.00 0.00 401.00 -29.52 0.00 0.00 
402.00 -30.11 0.00 0.00 402.00 -30.11 0.00 0.00 402.00 -30.11 0.00 0.00 402.00 -30.11 0.00 0.00 402.00 -30.11 0.00 0.00 
403.00 -30.69 0.00 0.00 403.00 -30.69 0.00 0.00 403.00 -30.69 0.00 0.00 403.00 -30.69 0.00 0.00 403.00 -30.69 0.00 0.00 
404.00 -31.26 0.00 0.00 404.00 -31.26 0.00 0.00 404.00 -31.26 0.00 0.00 404.00 -31.26 0.00 0.00 404.00 -31.26 0.00 0.00 
405.00 -31.82 0.00 0.00 405.00 -31.82 0.00 0.00 405.00 -31.82 0.00 0.00 405.00 -31.82 0.00 0.00 405.00 -31.82 0.00 0.00 
406.00 -32.37 0.00 0.00 406.00 -32.37 0.00 0.00 406.00 -32.37 0.00 0.00 406.00 -32.37 0.00 0.00 406.00 -32.37 0.00 0.00 
407.00 -32.91 0.00 0.00 407.00 -32.91 0.00 0.00 407.00 -32.91 0.00 0.00 407.00 -32.91 0.00 0.00 407.00 -32.91 0.00 0.00 
408.00 -33.44 0.00 0.00 408.00 -33.44 0.00 0.00 408.00 -33.44 0.00 0.00 408.00 -33.44 0.00 0.00 408.00 -33.44 0.00 0.00 
409.00 -33.96 0.00 0.00 409.00 -33.96 0.00 0.00 409.00 -33.96 0.00 0.00 409.00 -33.96 0.00 0.00 409.00 -33.96 0.00 0.00 
410.00 -34.47 0.00 0.00 410.00 -34.47 0.00 0.00 410.00 -34.47 0.00 0.00 410.00 -34.47 0.00 0.00 410.00 -34.47 0.00 0.00 
411.00 -34.97 0.00 0.00 411.00 -34.97 0.00 0.00 411.00 -34.97 0.00 0.00 411.00 -34.97 0.00 0.00 411.00 -34.97 0.00 0.00 
412.00 -35.46 0.00 0.00 412.00 -35.46 0.00 0.00 412.00 -35.46 0.00 0.00 412.00 -35.46 0.00 0.00 412.00 -35.46 0.00 0.00 
413.00 -35.94 0.00 0.00 413.00 -35.94 0.00 0.00 413.00 -35.94 0.00 0.00 413.00 -35.94 0.00 0.00 413.00 -35.94 0.00 0.00 
414.00 -36.41 0.00 0.00 414.00 -36.41 0.00 0.00 414.00 -36.41 0.00 0.00 414.00 -36.41 0.00 0.00 414.00 -36.41 0.00 0.00 
415.00 -36.86 0.00 0.00 415.00 -36.86 0.00 0.00 415.00 -36.86 0.00 0.00 415.00 -36.86 0.00 0.00 415.00 -36.86 0.00 0.00 
416.00 -37.31 0.00 0.00 416.00 -37.31 0.00 0.00 416.00 -37.31 0.00 0.00 416.00 -37.31 0.00 0.00 416.00 -37.31 0.00 0.00 
417.00 -37.74 0.00 0.00 417.00 -37.74 0.00 0.00 417.00 -37.74 0.00 0.00 417.00 -37.74 0.00 0.00 417.00 -37.74 0.00 0.00 
418.00 -38.16 0.00 0.00 418.00 -38.16 0.00 0.00 418.00 -38.16 0.00 0.00 418.00 -38.16 0.00 0.00 418.00 -38.16 0.00 0.00 
419.00 -38.57 0.00 0.00 419.00 -38.57 0.00 0.00 419.00 -38.57 0.00 0.00 419.00 -38.57 0.00 0.00 419.00 -38.57 0.00 0.00 
420.00 -38.97 0.00 0.00 420.00 -38.97 0.00 0.00 420.00 -38.97 0.00 0.00 420.00 -38.97 0.00 0.00 420.00 -38.97 0.00 0.00 
421.00 -39.36 0.00 0.00 421.00 -39.36 0.00 0.00 421.00 -39.36 0.00 0.00 421.00 -39.36 0.00 0.00 421.00 -39.36 0.00 0.00 
422.00 -39.73 0.00 0.00 422.00 -39.73 0.00 0.00 422.00 -39.73 0.00 0.00 422.00 -39.73 0.00 0.00 422.00 -39.73 0.00 0.00 
423.00 -40.10 0.00 0.00 423.00 -40.10 0.00 0.00 423.00 -40.10 0.00 0.00 423.00 -40.10 0.00 0.00 423.00 -40.10 0.00 0.00 
424.00 -40.45 0.00 0.00 424.00 -40.45 0.00 0.00 424.00 -40.45 0.00 0.00 424.00 -40.45 0.00 0.00 424.00 -40.45 0.00 0.00 
425.00 -40.78 0.00 0.00 425.00 -40.78 0.00 0.00 425.00 -40.78 0.00 0.00 425.00 -40.78 0.00 0.00 425.00 -40.78 0.00 0.00 
426.00 -41.11 0.00 0.00 426.00 -41.11 0.00 0.00 426.00 -41.11 0.00 0.00 426.00 -41.11 0.00 0.00 426.00 -41.11 0.00 0.00 
427.00 -41.42 0.00 0.00 427.00 -41.42 0.00 0.00 427.00 -41.42 0.00 0.00 427.00 -41.42 0.00 0.00 427.00 -41.42 0.00 0.00 
428.00 -41.72 0.00 0.00 428.00 -41.72 0.00 0.00 428.00 -41.72 0.00 0.00 428.00 -41.72 0.00 0.00 428.00 -41.72 0.00 0.00 
429.00 -42.01 0.00 0.00 429.00 -42.01 0.00 0.00 429.00 -42.01 0.00 0.00 429.00 -42.01 0.00 0.00 429.00 -42.01 0.00 0.00 
430.00 -42.29 0.00 0.00 430.00 -42.29 0.00 0.00 430.00 -42.29 0.00 0.00 430.00 -42.29 0.00 0.00 430.00 -42.29 0.00 0.00 
431.00 -42.55 0.00 0.00 431.00 -42.55 0.00 0.00 431.00 -42.55 0.00 0.00 431.00 -42.55 0.00 0.00 431.00 -42.55 0.00 0.00 
432.00 -42.80 0.00 0.00 432.00 -42.80 0.00 0.00 432.00 -42.80 0.00 0.00 432.00 -42.80 0.00 0.00 432.00 -42.80 0.00 0.00 
433.00 -43.03 0.00 0.00 433.00 -43.03 0.00 0.00 433.00 -43.03 0.00 0.00 433.00 -43.03 0.00 0.00 433.00 -43.03 0.00 0.00 
434.00 -43.26 0.00 0.00 434.00 -43.26 0.00 0.00 434.00 -43.26 0.00 0.00 434.00 -43.26 0.00 0.00 434.00 -43.26 0.00 0.00 
435.00 -43.47 0.00 0.00 435.00 -43.47 0.00 0.00 435.00 -43.47 0.00 0.00 435.00 -43.47 0.00 0.00 435.00 -43.47 0.00 0.00 
436.00 -43.66 0.00 0.00 436.00 -43.66 0.00 0.00 436.00 -43.66 0.00 0.00 436.00 -43.66 0.00 0.00 436.00 -43.66 0.00 0.00 
437.00 -43.85 0.00 0.00 437.00 -43.85 0.00 0.00 437.00 -43.85 0.00 0.00 437.00 -43.85 0.00 0.00 437.00 -43.85 0.00 0.00 
438.00 -44.02 0.00 0.00 438.00 -44.02 0.00 0.00 438.00 -44.02 0.00 0.00 438.00 -44.02 0.00 0.00 438.00 -44.02 0.00 0.00 
439.00 -44.17 0.00 0.00 439.00 -44.17 0.00 0.00 439.00 -44.17 0.00 0.00 439.00 -44.17 0.00 0.00 439.00 -44.17 0.00 0.00 
440.00 -44.32 0.00 0.00 440.00 -44.32 0.00 0.00 440.00 -44.32 0.00 0.00 440.00 -44.32 0.00 0.00 440.00 -44.32 0.00 0.00 
441.00 -44.45 0.00 0.00 441.00 -44.45 0.00 0.00 441.00 -44.45 0.00 0.00 441.00 -44.45 0.00 0.00 441.00 -44.45 0.00 0.00 
442.00 -44.56 0.00 0.00 442.00 -44.56 0.00 0.00 442.00 -44.56 0.00 0.00 442.00 -44.56 0.00 0.00 442.00 -44.56 0.00 0.00 
443.00 -44.66 0.00 0.00 443.00 -44.66 0.00 0.00 443.00 -44.66 0.00 0.00 443.00 -44.66 0.00 0.00 443.00 -44.66 0.00 0.00 
444.00 -44.75 0.00 0.00 444.00 -44.75 0.00 0.00 444.00 -44.75 0.00 0.00 444.00 -44.75 0.00 0.00 444.00 -44.75 0.00 0.00 
445.00 -44.83 0.00 0.00 445.00 -44.83 0.00 0.00 445.00 -44.83 0.00 0.00 445.00 -44.83 0.00 0.00 445.00 -44.83 0.00 0.00 
446.00 -44.89 0.00 0.00 446.00 -44.89 0.00 0.00 446.00 -44.89 0.00 0.00 446.00 -44.89 0.00 0.00 446.00 -44.89 0.00 0.00 
447.00 -44.94 0.00 0.00 447.00 -44.94 0.00 0.00 447.00 -44.94 0.00 0.00 447.00 -44.94 0.00 0.00 447.00 -44.94 0.00 0.00 
448.00 -44.97 0.00 0.00 448.00 -44.97 0.00 0.00 448.00 -44.97 0.00 0.00 448.00 -44.97 0.00 0.00 448.00 -44.97 0.00 0.00 
449.00 -44.99 0.00 0.00 449.00 -44.99 0.00 0.00 449.00 -44.99 0.00 0.00 449.00 -44.99 0.00 0.00 449.00 -44.99 0.00 0.00 
450.00 -45.00 0.00 0.00 450.00 -45.00 0.00 0.00 450.00 -45.00 0.00 0.00 450.00 -45.00 0.00 0.00 450.00 -45.00 0.00 0.00 
451.00 -44.99 0.00 0.00 451.00 -44.99 0.00 0.00 451.00 -44.99 0.00 0.00 451.00 -44.99 0.00 0.00 451.00 -44.99 0.00 0.00 
452.00 -44.97 0.00 0.00 452.00 -44.97 0.00 0.00 452.00 -44.97 0.00 0.00 452.00 -44.97 0.00 0.00 452.00 -44.97 0.00 0.00 
453.00 -44.94 0.00 0.00 453.00 -44.94 0.00 0.00 453.00 -44.94 0.00 0.00 453.00 -44.94 0.00 0.00 453.00 -44.94 0.00 0.00 
454.00 -44.89 0.00 0.00 454.00 -44.89 0.00 0.00 454.00 -44.89 0.00 0.00 454.00 -44.89 0.00 0.00 454.00 -44.89 0.00 0.00 
455.00 -44.83 0.00 0.00 455.00 -44.83 0.00 0.00 455.00 -44.83 0.00 0.00 455.00 -44.83 0.00 0.00 455.00 -44.83 0.00 0.00 
456.00 -44.75 0.00 0.00 456.00 -44.75 0.00 0.00 456.00 -44.75 0.00 0.00 456.00 -44.75 0.00 0.00 456.00 -44.75 0.00 0.00 
457.00 -44.66 0.00 0.00 457.00 -44.66 0.00 0.00 457.00 -44.66 0.00 0.00 457.00 -44.66 0.00 0.00 457.00 -44.66 0.00 0.00 
458.00 -44.56 0.00 0.00 458.00 -44.56 0.00 0.00 458.00 -44.56 0.00 0.00 458.00 -44.56 0.00 0.00 458.00 -44.56 0.00 0.00 
459.00 -44.45 0.00 0.00 459.00 -44.45 0.00 0.00 459.00 -44.45 0.00 0.00 459.00 -44.45 0.00 0.00 459.00 -44.45 0.00 0.00 
460.00 -44.32 0.00 0.00 460.00 -44.32 0.00 0.00 460.00 -44.32 0.00 0.00 460.00 -44.32 0.00 0.00 460.00 -44.32 0.00 0.00 
461.00 -44.17 0.00 0.00 461.00 -44.17 0.00 0.00 461.00 -44.17 0.00 0.00 461.00 -44.17 0.00 0.00 461.00 -44.17 0.00 0.00 
462.00 -44.02 0.00 0.00 462.00 -44.02 0.00 0.00 462.00 -44.02 0.00 0.00 462.00 -44.02 0.00 0.00 462.00 -44.02 0.00 0.00 
463.00 -43.85 0.00 0.00 463.00 -43.85 0.00 0.00 463.00 -43.85 0.00 0.00 463.00 -43.85 0.00 0.00 463.00 -43.85 0.00 0.00 
464.00 -43.66 0.00 0.00 464.00 -43.66 0.00 0.00 464.00 -43.66 0.00 0.00 464.00 -43.66 0.00 0.00 464.00 -43.66 0.00 0.00 
465.00 -43.47 0.00 0.00 465.00 -43.47 0.00 0.00 465.00 -43.47 0.00 0.00 465.00 -43.47 0.00 0.00 465.00 -43.47 0.00 0.00 
466.00 -43.26 0.00 0.00 466.00 -43.26 0.00 0.00 466.00 -43.26 0.00 0.00 466.00 -43.26 0.00 0.00 466.00 -43.26 0.00 0.00 
467.00 -43.03 0.00 0.00 467.00 -43.03 0.00 0.00 467.00 -43.03 0.00 0.00 467.00 -43.03 0.00 0.00 467.00 -43.03 0.00 0.00 
468.00 -42.80 0.00 0.00 468.00 -42.80 0.00 0.00 468.00 -42.80 0.00 0.00 468.00 -42.80 0.00 0.00 468.00 -42.80 0.00 0.00 
469.00 -42.55 0.00 0.00 469.00 -42.55 0.00 0.00 469.00 -42.55 0.00 0.00 469.00 -42.55 0.00 0.00 469.00 -42.55 0.00 0.00 
470.00 -42.29 0.00 0.00 470.00 -42.29 0.00 0.00 470.00 -42.29 0.00 0.00 470.00 -42.29 0.00 0.00 470.00 -42.29 0.00 0.00 
471.00 -42.01 0.00 0.00 471.00 -42.01 0.00 0.00 471.00 -42.01 0.00 0.00 471.00 -42.01 0.00 0.00 471.00 -42.01 0.00 0.00 
472.00 -41.72 0.00 0.00 472.00 -41.72 0.00 0.00 472.00 -41.72 0.00 0.00 472.00 -41.72 0.00 0.00 472.00 -41.72 0.00 0.00 
473.00 -41.42 0.00 0.00 473.00 -41.42 0.00 0.00 473.00 -41.42 0.00 0.00 473.00 -41.42 0.00 0.00 473.00 -41.42 0.00 0.00 
474.00 -41.11 0.00 0.00 474.00 -41.11 0.00 0.00 474.00 -41.11 0.00 0.00 474.00 -41.11 0.00 0.00 474.00 -41.11 0.00 0.00 
475.00 -40.78 0.00 0.00 475.00 -40.78 0.00 0.00 475.00 -40.78 0.00 0.00 475.00 -40.78 0.00 0.00 475.00 -40.78 0.00 0.00 
476.00 -40.45 0.00 0.00 476.00 -40.45 0.00 0.00 476.00 -40.45 0.00 0.00 476.00 -40.45 0.00 0.00 476.00 -40.45 0.00 0.00 
477.00 -40.10 0.00 0.00 477.00 -40.10 0.00 0.00 477.00 -40.10 0.00 0.00 477.00 -40.10 0.00 0.00 477.00 -40.10 0.00 0.00 
478.00 -39.73 0.00 0.00 478.00 -39.73 0.00 0.00 478.00 -39.73 0.00 0.00 478.00 -39.73 0.00 0.00 478.00 -39.73 0.00 0.00 
479.00 -39.36 0.00 0.00 479.00 -39.36 0.00 0.00 479.00 -39.36 0.00 0.00 479.00 -39.36 0.00 0.00 479.00 -39.36 0.00 0.00 
480.00 -38.97 0.00 0.00 480.00 -38.97 0.00 0.00 480.00 -38.97 0.00 0.00 480.00 -38.97 0.00 0.00 480.00 -38.97 0.00 0.00 
481.00 -38.57 0.00 0.00 481.00 -38.57 0.00 0.00 481.00 -38.57 0.00 0.00 481.00 -38.57 0.00 0.00 481.00 -38.57 0.00 0.00 
482.00 -38.16 0.00 0.00 482.00 -38.16 0.00 0.00 482.00 -38.16 0.00 0.00 482.00 -38.16 0.00 0.00 482.00 -38.16 0.00 0.00 
483.00 -37.74 0.00 0.00 483.00 -37.74 0.00 0.00 483.00 -37.74 0.00 0.00 483.00 -37.74 0.00 0.00 483.00 -37.74 0.00 0.00 
484.00 -37.31 0.00 0.00 484.00 -37.31 0.00 0.00 484.00 -37.31 0.00 0.00 484.00 -37.31 0.00 0.00 484.00 -37.31 0.00 0.00 
485.00 -36.86 0.00 0.00 485.00 -36.86 0.00 0.00 485.00 -36.86 0.00 0.00 485.00 -36.86 0.00 0.00 485.00 -36.86 0.00 0.00 
486.00 -36.41 0.00 0.00 486.00 -36.41 0.00 0.00 486.00 -36.41 0.00 0.00 486.00 -36.41 0.00 0.00 486.00 -36.41 0.00 0.00 
487.00 -35.94 0.00 0.00 487.00 -35.94 0.00 0.00 487.00 -35.94 0.00 0.00 487.00 -35.94 0.00 0.00 487.00 -35.94 0.00 0.00 
488.00 -35.46 0.00 0.00 488.00 -35.46 0.00 0.00 488.00 -35.46 0.00 0.00 488.00 -35.46 0.00 0.00 488.00 -35.46 0.00 0.00 
489.00 -34.97 0.00 0.00 489.00 -34.97 0.00 0.00 489.00 -34.97 0.00 0.00 489.00 -34.97 0.00 0.00 489.00 -34.97 0.00 0.00 
490.00 -34.47 0.00 0.00 490.00 -34.47 0.00 0.00 490.00 -34.47 0.00 0.00 490.00 -34.47 0.00 0.00 490.00 -34.47 0.00 0.00 
491.00 -33.96 0.00 0.00 491.00 -33.96 0.00 0.00 491.00 -33.96 0.00 0.00 491.00 -33.96 0.00 0.00 491.00 -33.96 0.00 0.00 
492.00 -33.44 0.00 0.00 492.00 -33.44 0.00 0.00 492.00 -33.44 0.00 0.00 492.00 -33.44 0.00 0.00 492.00 -33.44 0.00 0.00 
493.00 -32.91 0.00 0.00 493.00 -32.91 0.00 0.00 493.00 -32.91 0.00 0.00 493.00 -32.91 0.00 0.00 493.00 -32.91 0.00 0.00 
494.00 -32.37 0.00 0.00 494.00 -32.37 0.00 0.00 494.00 -32.37 0.00 0.00 494.00 -32.37 0.00 0.00 494.00 -32.37 0.00 0.00 
495.00 -31.82 0.00 0.00 495.00 -31.82 0.00 0.00 495.00 -31.82 0.00 0.00 495.00 -31.82 0.00 0.00 495.00 -31.82 0.00 0.00 
496.00 -31.26 0.00 0.00 496.00 -31.26 0.00 0.00 496.00 -31.26 0.00 0.00 496.00 -31.26 0.00 0.00 496.00 -31.26 0.00 0.00 
497.00 -30.69 0.00 0.00 497.00 -30.69 0.00 0.00 497.00 -30.69 0.00 0.00 497.00 -30.69 0.00 0.00 497.00 -30.69 0.00 0.00 
498.00 -30.11 0.00 0.00 498.00 -30.11 0.00 0.00 498.00 -30.11 0.00 0.00 498.00 -30.11 0.00 0.00 498.00 -30.11 0.00 0.00 
499.00 -29.52 0.00 0.00 499.00 -29.52 0.00 0.00 499.00 -29.52 0.00 0.00 499.00 -29.52 0.00 0.00 499.00 -29.52 0.00 0.00 
500.00 -28.93 0.00 0.00 500.00 -28.93 0.00 0.00 500.00 -28.93 0.00 0.00 500.00 -28.93 0.00 0.00 500.00 -28.93 0.00 0.00 
501.00 -28.32 0.00 0.00 501.00 -28.32 0.00 0.00 501.00 -28.32 0.00 0.00 501.00 -28.32 0.00 0.00 501.00 -28.32 0.00 0.00 
502.00 -27.70 0.00 0.00 502.00 -27.70 0.00 0.00 502.00 -27.70 0.00 0.00 502.00 -27.70 0.00 0.00 502.00 -27.70 0.00 0.00 
503.00 -27.08 0.00 0.00 503.00 -27.08 0.00 0.00 503.00 -27.08 0.00 0.00 503.00 -27.08 0.00 0.00 503.00 -27.08 0.00 0.00 
504.00 -26.45 0.00 0.00 504.00 -26.45 0.00 0.00 504.00 -26.45 0.00 0.00 504.00 -26.45 0.00 0.00 504.00 -26.45 0.00 0.00 
505.00 -25.81 0.00 0.00 505.00 -25.81 0.00 0.00 505.00 -25.81 0.00 0.00 505.00 -25.81 0.00 0.00 505.00 -25.81 0.00 0.00 
506.00 -25.16 0.00 0.00 506.00 -25.16 0.00 0.00 506.00 -25.16 0.00 0.00 506.00 -25.16 0.00 0.00 506.00 -25.16 0.00 0.00 
507.00 -24.51 0.00 0.00 507.00 -24.51 0.00 0.00 507.00 -24.51 0.00 0.00 507.00 -24.51 0.00 0.00 507.00 -24.51 0.00 0.00 
508.00 -23.85 0.00 0.00 508.00 -23.85 0.00 0.00 508.00 -23.85 0.00 0.00 508.00 -23.85 0.00 0.00 508.00 -23.85 0.00 0.00 
509.00 -23.18 0.00 0.00 509.00 -23.18 0.00 0.00 509.00 -23.18 0.00 0.00 509.00 -23.18 0.00 0.00 509.00 -23.18 0.00 0.00 
510.00 -22.50 0.00 0.00 510.00 -22.50 0.00 0.00 510.00 -22.50 0.00 0.00 510.00 -22.50 0.00 0.00 510.00 -22.50 0.00 0.00 
511.00 -21.82 0.00 0.00 511.00 -21.82 0.00 0.00 511.00 -21.82 0.00 0.00 511.00 -21.82 0.00 0.00 511.00 -21.82 0.00 0.00 
512.00 -21.13 0.00 0.00 512.00 -21.13 0.00 0.00 512.00 -21.13 0.00 0.00 512.00 -21.13 0.00 0.00 512.00 -21.13 0.00 0.00 
513.00 -20.43 0.00 0.00 513.00 -20.43 0.00 0.00 513.00 -20.43 0.00 0.00 513.00 -20.43 0.00 0.00 513.00 -20.43 0.00 0.00 
514.00 -19.73 0.00 0.00 514.00 -19.73 0.00 0.00 514.00 -19.73 0.00 0.00 514.00 -19.73 0.00 0.00 514.00 -19.73 0.00 0.00 
515.00 -19.02 0.00 0.00 515.00 -19.02 0.00 0.00 515.00 -19.02 0.00 0.00 515.00 -19.02 0.00 0.00 515.00 -19.02 0.00 0.00 
516.00 -18.30 0.00 0.00 516.00 -18.30 0.00 0.00 516.00 -18.30 0.00 0.00 516.00 -18.30 0.00 0.00 516.00 -18.30 0.00 0.00 
517.00 -17.58 0.00 0.00 517.00 -17.58 0.00 0.00 517.00 -17.58 0.00 0.00 517.00 -17.58 0.00 0.00 517.00 -17.58 0.00 0.00 
518.00 -16.86 0.00 0.00 518.00 -16.86 0.00 0.00 518.00 -16.86 0.00 0.00 518.00 -16.86 0.00 0.00 518.00 -16.86 0.00 0.00 
519.00 -16.13 0.00 0.00 519.00 -16.13 0.00 0.00 519.00 -16.13 0.00 0.00 519.00 -16.13 0.00 0.00 519.00 -16.13 0.00 0.00 
520.00 -15.39 0.00 0.00 520.00 -15.39 0.00 0.00 520.00 -15.39 0.00 0.00 520.00 -15.39 0.00 0.00 520.00 -15.39 0.00 0.00 
521.00 -14.65 0.00 0.00 521.00 -14.65 0.00 0.00 521.00 -14.65 0.00 0.00 521.00 -14.65 0.00 0.00 521.00 -14.65 0.00 0.00 
522.00 -13.91 0.00 0.00 522.00 -13.91 0.00 0.00 522.00 -13.91 0.00 0.00 522.00 -13.91 0.00 0.00 522.00 -13.91 0.00 0.00 
523.00 -13.16 0.00 0.00 523.00 -13.16 0.00 0.00 523.00 -13.16 0.00 0.00 523.00 -13.16 0.00 0.00 523.00 -13.16 0.00 0.00 
524.00 -12.40 0.00 0.00 524.00 -12.40 0.00 0.00 524.00 -12.40 0.00 0.00 524.00 -12.40 0.00 0.00 524.00 -12.40 0.00 0.00 
525.00 -11.65 0.00 0.00 525.00 -11.65 0.00 0.00 525.00 -11.65 0.00 0.00 525.00 -11.65 0.00 0.00 525.00 -11.65 0.00 0.00 
526.00 -10.89 0.00 0.00 526.00 -10.89 0.00 0.00 526.00 -10.89 0.00 0.00 526.00 -10.89 0.00 0.00 526.00 -10.89 0.00 0.00 
527.00 -10.12 0.00 0.00 527.00 -10.12 0.00 0.00 527.00 -10.12 0.00 0.00 527.00 -10.12 0.00 0.00 527.00 -10.12 0.00 0.00 
528.00 -9.36 0.00 0.00 528.00 -9.36 0.00 0.00 528.00 -9.36 0.00 0.00 528.00 -9.36 0.00 0.00 528.00 -9.36 0.00 0.00 
529.00 -8.59 0.00 0.00 529.00 -8.59 0.00 0.00 529.00 -8.59 0.00 0.00 529.00 -8.59 0.00 0.00 529.00 -8.59 0.00 0.00 
530.00 -7.81 0.00 0.00 530.00 -7.81 0.00 0.00 530.00 -7.81 0.00 0.00 530.00 -7.81 0.00 0.00 530.00 -7.81 0.00 0.00 
531.00 -7.04 0.00 0.00 531.00 -7.04 0.00 0.00 531.00 -7.04 0.00 0.00 531.00 -7.04 0.00 0.00 531.00 -7.04 0.00 0.00 
532.00 -6.26 0.00 0.00 532.00 -6.26 0.00 0.00 532.00 -6.26 0.00 0.00 532.00 -6.26 0.00 0.00 532.00 -6.26 0.00 0.00 
533.00 -5.48 0.00 0.00 533.00 -5.48 0.00 0.00 533.00 -5.48 0.00 0.00 533.00 -5.48 0.00 0.00 533.00 -5.48 0.00 0.00 
534.00 -4.70 0.00 0.00 534.00 -4.70 0.00 0.00 534.00 -4.70 0.00 0.00 534.00 -4.70 0.00 0.00 534.00 -4.70 0.00 0.00 
535.00 -3.92 0.00 0.00 535.00 -3.92 0.00 0.00 535.00 -3.92 0.00 0.00 535.00 -3.92 0.00 0.00 535.00 -3.92 0.00 0.00 
536.00 -3.14 0.00 0.00 536.00 -3.14 0.00 0.00 536.00 -3.14 0.00 0.00 536.00 -3.14 0.00 0.00 536.00 -3.14 0.00 0.00 
537.00 -2.36 0.00 0.00 537.00 -2.36 0.00 0.00 537.00 -2.36 0.00 0.00 537.00 -2.36 0.00 0.00 537.00 -2.36 0.00 0.00 
538.00 -1.57 0.00 0.00 538.00 -1.57 0.00 0.00 538.00 -1.57 0.00 0.00 538.00 -1.57 0.00 0.00 538.00 -1.57 0.00 0.00 
539.00 -0.79 0.00 0.00 539.00 -0.79 0.00 0.00 539.00 -0.79 0.00 0.00 539.00 -0.79 0.00 0.00 539.00 -0.79 0.00 0.00 
540.00 -0.00 0.00 0.00 540.00 -0.00 0.00 0.00 540.00 -0.00 0.00 0.00 540.00 -0.00 0.00 0.00 540.00 -0.00 0.00 0.00 
541.00 0.79 0.00 0.00 541.00 0.79 0.00 0.00 541.00 0.79 0.00 0.00 541.00 0.79 0.00 0.00 541.00 0.79 0.00 0.00 
542.00 1.57 0.00 0.00 542.00 1.57 0.00 0.00 542.00 1.57 0.00 0.00 542.00 1.57 0.00 0.00 542.00 1.57 0.00 0.00 
543.00 2.36 0.00 0.00 543.00 2.36 0.00 0.00 543.00 2.36 0.00 0.00 543.00 2.36 0.00 0.00 543.00 2.36 0.00 0.00 
544.00 3.14 0.00 0.00 544.00 3.14 0.00 0.00 544.00 3.14 0.00 0.00 544.00 3.14 0.00 0.00 544.00 3.14 0.00 0.00 
545.00 3.92 0.00 0.00 545.00 3.92 0.00 0.00 545.00 3.92 0.00 0.00 545.00 3.92 0.00 0.00 545.00 3.92 0.00 0.00 
546.00 4.70 0.00 0.00 546.00 4.70 0.00 0.00 546.00 4.70 0.00 0.00 546.00 4.70 0.00 0.00 546.00 4.70 0.00 0.00 
547.00 5.48 0.00 0.00 547.00 5.48 0.00 0.00 547.00 5.48 0.00 0.00 547.00 5.48 0.00 0.00 547.00 5.48 0.00 0.00 
548.00 6.26 0.00 0.00 548.00 6.26 0.00 0.00 548.00 6.26 0.00 0.00 548.00 6.26 0.00 0.00 548.00 6.26 0.00 0.00 
549.00 7.04 0.00 0.00 549.00 7.04 0.00 0.00 549.00 7.04 0.00 0.00 549.00 7.04 0.00 0.00 549.00 7.04 0.00 0.00 
550.00 7.81 0.00 0.00 550.00 7.81 0.00 0.00 550.00 7.81 0.00 0.00 550.00 7.81 0.00 0.00 550.00 7.81 0.00 0.00 
551.00 8.59 0.00 0.00 551.00 8.59 0.00 0.00 551.00 8.59 0.00 0.00 551.00 8.59 0.00 0.00 551.00 8.59 0.00 0.00 
552.00 9.36 0.00 0.00 552.00 9.36 0.00 0.00 552.00 9.36 0.00 0.00 552.00 9.36 0.00 0.00 552.00 9.36 0.00 0.00 
553.00 10.12 0.00 0.00 553.00 10.12 0.00 0.00 553.00 10.12 0.00 0.00 553.00 10.12 0.00 0.00 553.00 10.12 0.00 0.00 
554.00 10.89 0.00 0.00 554.00 10.89 0.00 0.00 554.00 10.89 0.00 0.00 554.00 10.89 0.00 0.00 554.00 10.89 0.00 0.00 
555.00 11.65 0.00 0.00 555.00 11.65 0.00 0.00 555.00 11.65 0.00 0.00 555.00 11.65 0.00 0.00 555.00 11.65 0.00 0.00 
556.00 12.40 0.00 0.00 556.00 12.40 0.00 0.00 556.00 12.40 0.00 0.00 556.00 12.40 0.00 0.00 556.00 12.40 0.00 0.00 
557.00 13.16 0.00 0.00 557.00 13.16 0.00 0.00 557.00 13.16 0.00 0.00 557.00 13.16 0.00 0.00 557.00 13.16 0.00 0.00 
558.00 13.91 0.00 0.00 558.00 13.91 0.00 0.00 558.00 13.91 0.00 0.00 558.00 13.91 0.00 0.00 558.00 13.91 0.00 0.00 
559.00 14.65 0.00 0.00 559.00 14.65 0.00 0.00 559.00 14.65 0.00 0.00 559.00 14.65 0.00 0.00 559.00 14.65 0.00 0.00 
560.00 15.39 0.00 0.00 560.00 15.39 0.00 0.00 560.00 15.39 0.00 0.00 560.00 15.39 0.00 0.00 560.00 15.39 0.00 0.00 
561.00 16.13 0.00 0.00 561.00 16.13 0.00 0.00 561.00 16.13 0.00 0.00 561.00 16.13 0.00 0.00 561.00 16.13 0.00 0.00 
562.00 16.86 0.00 0.00 562.00 16.86 0.00 0.00 562.00 16.86 0.00 0.00 562.00 16.86 0.00 0.00 562.00 16.86 0.00 0.00 
563.00 17.58 0.00 0.00 563.00 17.58 0.00 0.00 563.00 17.58 0.00 0.00 563.00 17.58 0.00 0.00 563.00 17.58 0.00 0.00 
564.00 18.30 0.00 0.00 564.00 18.30 0.00 0.00 564.00 18.30 0.00 0.00 564.00 18.30 0.00 0.00 564.00 18.30 0.00 0.00 
565.00 19.02 0.00 0.00 565.00 19.02 0.00 0.00 565.00 19.02 0.00 0.00 565.00 19.02 0.00 0.00 565.00 19.02 0.00 0.00 
566.00 19.73 0.00 0.00 566.00 19.73 0.00 0.00 566.00 19.73 0.00 0.00 566.00 19.73 0.00 0.00 566.00 19.73 0.00 0.00 
567.00 20.43 0.00 0.00 567.00 20.43 0.00 0.00 567.00 20.43 0.00 0.00 567.00 20.43 0.00 0.00 567.00 20.43 0.00 0.00 
568.00 21.13 0.00 0.00 568.00 21.13 0.00 0.00 568.00 21.13 0.00 0.00 568.00 21.13 0.00 0.00 568.00 21.13 0.00 0.00 
569.00 21.82 0.00 0.00 569.00 21.82 0.00 0.00 569.00 21.82 0.00 0.00 569.00 21.82 0.00 0.00 569.00 21.82 0.00 0.00 
570.00 22.50 0.00 0.00 570.00 22.50 0.00 0.00 570.00 22.50 0.00 0.00 570.00 22.50 0.00 0.00 570.00 22.50 0.00 0.00 
571.00 23.18 0.00 0.00 571.00 23.18 0.00 0.00 571.00 23.18 0.00 0.00 571.00 23.18 0.00 0.00 571.00 23.18 0.00 0.00 
572.00 23.85 0.00 0.00 572.00 23.85 0.00 0.00 572.00 23.85 0.00 0.00 572.00 23.85 0.00 0.00 572.00 23.85 0.00 0.00 
573.00 24.51 0.00 0.00 573.00 24.51 0.00 0.00 573.00 24.51 0.00 0.00 573.00 24.51 0.00 0.00 573.00 24.51 0.00 0.00 
574.00 25.16 0.00 0.00 574.00 25.16 0.00 0.00 574.00 25.16 0.00 0.00 574.00 25.16 0.00 0.00 574.00 25.16 0.00 0.00 
575.00 25.81 0.00 0.00 575.00 25.81 0.00 0.00 575.00 25.81 0.00 0.00 575.00 25.81 0.00 0.00 575.00 25.81 0.00 0.00 
576.00 26.45 0.00 0.00 576.00 26.45 0.00 0.00 576.00 26.45 0.00 0.00 576.00 26.45 0.00 0.00 576.00 26.45 0.00 0.00 
577.00 27.08 0.00 0.00 577.00 27.08 0.00 0.00 577.00 27.08 0.00 0.00 577.00 27.08 0.00 0.00 577.00 27.08 0.00 0.00 
578.00 27.70 0.00 0.00 578.00 27.70 0.00 0.00 578.00 27.70 0.00 0.00 578.00 27.70 0.00 0.00 578.00 27.70 0.00 0.00 
579.00 28.32 0.00 0.00 579.00 28.32 0.00 0.00 579.00 28.32 0.00 0.00 579.00 28.32 0.00 0.00 579.00 28.32 0.00 0.00 
580.00 28.93 0.00 0.00 580.00 28.93 0.00 0.00 580.00 28.93 0.00 0.00 580.00 28.93 0.00 0.00 580.00 28.93 0.00 0.00 
581.00 29.52 0.00 0.00 581.00 29.52 0.00 0.00 581.00 29.52 0.00 0.00 581.00 29.52 0.00 0.00 581.00 29.52 0.00 0.00 
582.00 30.11 0.00 0.00 582.00 30.11 0.00 0.00 582.00 30.11 0.00 0.00 582.00 30.11 0.00 0.00 582.00 30.11 0.00 0.00 
583.00 30.69 0.00 0.00 583.00 30.69 0.00 0.00 583.00 30.69 0.00 0.00 583.00 30.69 0.00 0.00 583.00 30.69 0.00 0.00 
584.00 31.26 0.00 0.00 584.00 31.26 0.00 0.00 584.00 31.26 0.00 0.00 584.00 31.26 0.00 0.00 584.00 31.26 0.00 0.00 
585.00 31.82 0.00 0.00 585.00 31.82 0.00 0.00 585.00 31.82 0.00 0.00 585.00 31.82 0.00 0.00 585.00 31.82 0.00 0.00 
586.00 32.37 0.00 0.00 586.00 32.37 0.00 0.00 586.00 32.37 0.00 0.00 586.00 32.37 0.00 0.00 586.00 32.37 0.00 0.00 
587.00 32.91 0.00 0.00 587.00 32.91 0.00 0.00 587.00 32.91 0.00 0.00 587.00 32.91 0.00 0.00 587.00 32.91 0.00 0.00 
588.00 33.44 0.00 0.00 588.00 33.44 0.00 0.00 588.00 33.44 0.00 0.00 588.00 33.44 0.00 0.00 588.00 33.44 0.00 0.00 
589.00 33.96 0.00 0.00 589.00 33.96 0.00 0.00 589.00 33.96 0.00 0.00 589.00 33.96 0.00 0.00 589.00 33.96 0.00 0.00 
590.00 34.47 0.00 0.00 590.00 34.47 0.00 0.00 590.00 34.47 0.00 0.00 590.00 34.47 0.00 0.00 590.00 34.47 0.00 0.00 
591.00 34.97 0.00 0.00 591.00 34.97 0.00 0.00 591.00 34.97 0.00 0.00 591.00 34.97 0.00 0.00 591.00 34.97 0.00 0.00 
592.00 35.46 0.00 0.00 592.00 35.46 0.00 0.00 592.00 35.46 0.00 0.00 592.00 35.46 0.00 0.00 592.00 35.46 0.00 0.00 
593.00 35.94 0.00 0.00 593.00 35.94 0.00 0.00 593.00 35.94 0.00 0.00 593.00 35.94 0.00 0.00 593.00 35.94 0.00 0.00 
594.00 36.41 0.00 0.00 594.00 36.41 0.00 0.00 594.00 36.41 0.00 0.00 594.00 36.41 0.00 0.00 594.00 36.41 0.00 0.00 
595.00 36.86 0.00 0.00 595.00 36.86 0.00 0.00 595.00 36.86 0.00 0.00 595.00 36.86 0.00 0.00 595.00 36.86 0.00 0.00 
596.00 37.31 0.00 0.00 596.00 37.31 0.00 0.00 596.00 37.31 0.00 0.00 596.00 37.31 0.00 0.00 596.00 37.31 0.00 0.00 
597.00 37.74 0.00 0.00 597.00 37.74 0.00 0.00 597.00 37.74 0.00 0.00 597.00 37.74 0.00 0.00 597.00 37.74 0.00 0.00 
598.00 38.16 0.00 0.00 598.00 38.16 0.00 0.00 598.00 38.16 0.00 0.00 598.00 38.16 0.00 0.00 598.00 38.16 0.00 0.00 
599.00 38.57 0.00 0.00 599.00 38.57 0.00 0.00 599.00 38.57 0.00 0.00 599.00 38.57 0.00 0.00 599.00 38.57 0.00 0.00 
600.00 38.97 0.00 0.00 600.00 38.97 0.00 0.00 600.00 38.97 0.00 0.00 600.00 38.97 0.00 0.00 600.00 38.97 0.00 0.00 
601.00 39.36 0.00 0.00 601.00 39.36 0.00 0.00 601.00 39.36 0.00 0.00 601.00 39.36 0.00 0.00 601.00 39.36 0.00 0.00 
602.00 39.73 0.00 0.00 602.00 39.73 0.00 0.00 602.00 39.73 0.00 0.00 602.00 39.73 0.00 0.00 602.00 39.73 0.00 0.00 
603.00 40.10 0.00 0.00 603.00 40.10 0.00 0.00 603.00 40.10 0.00 0.00 603.00 40.10 0.00 0.00 603.00 40.10 0.00 0.00 
604.00 40.45 0.00 0.00 604.00 40.45 0.00 0.00 604.00 40.45 0.00 0.00 604.00 40.45 0.00 0.00 604.00 40.45 0.00 0.00 
605.00 40.78 0.00 0.00 605.00 40.78 0.00 0.00 605.00 40.78 0.00 0.00 605.00 40.78 0.00 0.00 605.00 40.78 0.00 0.00 
606.00 41.11 0.00 0.00 606.00 41.11 0.00 0.00 606.00 41.11 0.00 0.00 606.00 41.11 0.00 0.00 606.00 41.11 0.00 0.00 
607.00 41.42 0.00 0.00 607.00 41.42 0.00 0.00 607.00 41.42 0.00 0.00 607.00 41.42 0.00 0.00 607.00 41.42 0.00 0.00 
608.00 41.72 0.00 0.00 608.00 41.72 0.00 0.00 608.00 41.72 0.00 0.00 608.00 41.72 0.00 0.00 608.00 41.72 0.00 0.00 
609.00 42.01 0.00 0.00 609.00 42.01 0.00 0.00 609.00 42.01 0.00 0.00 609.00 42.01 0.00 0.00 609.00 42.01 0.00 0.00 
610.00 42.29 0.00 0.00 610.00 42.29 0.00 0.00 610.00 42.29 0.00 0.00 610.00 42.29 0.00 0.00 610.00 42.29 0.00 0.00 
611.00 42.55 0.00 0.00 611.00 42.55 0.00 0.00 611.00 42.55 0.00 0.00 611.00 42.55 0.00 0.00 611.00 42.55 0.00 0.00 
612.00 42.80 0.00 0.00 612.00 42.80 0.00 0.00 612.00 42.80 0.00 0.00 612.00 42.80 0.00 0.00 612.00 42.80 0.00 0.00 
613.00 43.03 0.00 0.00 613.00 43.03 0.00 0.00 613.00 43.03 0.00 0.00 613.00 43.03 0.00 0.00 613.00 43.03 0.00 0.00 
614.00 43.26 0.00 0.00 614.00 43.26 0.00 0.00 614.00 43.26 0.00 0.00 614.00 43.26 0.00 0.00 614.00 43.26 0.00 0.00 
615.00 43.47 0.00 0.00 615.00 43.47 0.00 0.00 615.00 43.47 0.00 0.00 615.00 43.47 0.00 0.00 615.00 43.47 0.00 0.00 
616.00 43.66 0.00 0.00 616.00 43.66 0.00 0.00 616.00 43.66 0.00 0.00 616.00 43.66 0.00 0.00 616.00 43.66 0.00 0.00 
617.00 43.85 0.00 0.00 617.00 43.85 0.00 0.00 617.00 43.85 0.00 0.00 617.00 43.85 0.00 0.00 617.00 43.85 0.00 0.00 
618.00 44.02 0.00 0.00 618.00 44.02 0.00 0.00 618.00 44.02 0.00 0.00 618.00 44.02 0.00 0.00 618.00 44.02 0.00 0.00 
619.00 44.17 0.00 0.00 619.00 44.17 0.00 0.00 619.00 44.17 0.00 0.00 619.00 44.17 0.00 0.00 619.00 44.17 0.00 0.00 
620.00 44.32 0.00 0.00 620.00 44.32 0.00 0.00 620.00 44.32 0.00 0.00 620.00 44.32 0.00 0.00 620.00 44.32 0.00 0.00 
621.00 44.45 0.00 0.00 621.00 44.45 0.00 0.00 621.00 44.45 0.00 0.00 621.00 44.45 0.00 0.00 621.00 44.45 0.00 0.00 
622.00 44.56 0.00 0.00 622.00 44.56 0.00 0.00 622.00 44.56 0.00 0.00 622.00 44.56 0.00 0.00 622.00 44.56 0.00 0.00 
623.00 44.66 0.00 0.00 623.00 44.66 0.00 0.00 623.00 44.66 0.00 0.00 623.00 44.66 0.00 0.00 623.00 44.66 0.00 0.00 
624.00 44.75 0.00 0.00 624.00 44.75 0.00 0.00 624.00 44.75 0.00 0.00 624.00 44.75 0.00 0.00 624.00 44.75 0.00 0.00 
625.00 44.83 0.00 0.00 625.00 44.83 0.00 0.00 625.00 44.83 0.00 0.00 625.00 44.83 0.00 0.00 625.00 44.83 0.00 0.00 
626.00 44.89 0.00 0.00 626.00 44.89 0.00 0.00 626.00 44.89 0.00 0.00 626.00 44.89 0.00 0.00 626.00 44.89 0.00 0.00 
627.00 44.94 0.00 0.00 627.00 44.94 0.00 0.00 627.00 44.94 0.00 0.00 627.00 44.94 0.00 0.00 627.00 44.94 0.00 0.00 
628.00 44.97 0.00 0.00 628.00 44.97 0.00 0.00 628.00 44.97 0.00 0.00 628.00 44.97 0.00 0.00 628.00 44.97 0.00 0.00 
629.00 44.99 0.00 0.00 629.00 44.99 0.00 0.00 629.00 44.99 0.00 0.00 629.00 44.99 0.00 0.00 629.00 44.99 0.00 0.00 
630.00 45.00 0.00 0.00 630.00 45.00 0.00 0.00 630.00 45.00 0.00 0.00 630.00 45.00 0.00 0.00 630.00 45.00 0.00 0.00 
631.00 44.99 0.00 0.00 631.00 44.99 0.00 0.00 631.00 44.99 0.00 0.00 631.00 44.99 0.00 0.00 631.00 44.99 0.00 0.00 
632.00 44.97 0.00 0.00 632.00 44.97 0.00 0.00 632.00 44.97 0.00 0.00 632.00 44.97 0.00 0.00 632.00 44.97 0.00 0.00 
633.00 44.94 0.00 0.00 633.00 44.94 0.00 0.00 633.00 44.94 0.00 0.00 633.00 44.94 0.00 0.00 633.00 44.94 0.00 0.00 
634.00 44.89 0.00 0.00 634.00 44.89 0.00 0.00 634.00 44.89 0.00 0.00 634.00 44.89 0.00 0.00 634.00 44.89 0.00 0.00 
635.00 44.83 0.00 0.00 635.00 44.83 0.00 0.00 635.00 44.83 0.00 0.00 635.00 44.83 0.00 0.00 635.00 44.83 0.00 0.00 
636.00 44.75 0.00 0.00 636.00 44.75 0.00 0.00 636.00 44.75 0.00 0.00 636.00 44.75 0.00 0.00 636.00 44.75 0.00 0.00 
637.00 44.66 0.00 0.00 637.00 44.66 0.00 0.00 637.00 44.66 0.00 0.00 637.00 44.66 0.00 0.00 637.00 44.66 0.00 0.00 
638.00 44.56 0.00 0.00 638.00 44.56 0.00 0.00 638.00 44.56 0.00 0.00 638.00 44.56 0.00 0.00 638.00 44.56 0.00 0.00 
639.00 44.45 0.00 0.00 639.00 44.45 0.00 0.00 639.00 44.45 0.00 0.00 639.00 44.45 0.00 0.00 639.00 44.45 0.00 0.00 
640.00 44.32 0.00 0.00 640.00 44.32 0.00 0.00 640.00 44.32 0.00 0.00 640.00 44.32 0.00 0.00 640.00 44.32 0.00 0.00 
641.00 44.17 0.00 0.00 641.00 44.17 0.00 0.00 641.00 44.17 0.00 0.00 641.00 44.17 0.00 0.00 641.00 44.17 0.00 0.00 
642.00 44.02 0.00 0.00 642.00 44.02 0.00 0.00 642.00 44.02 0.00 0.00 642.00 44.02 0.00 0.00 642.00 44.02 0.00 0.00 
643.00 43.85 0.00 0.00 643.00 43.85 0.00 0.00 643.00 43.85 0.00 0.00 643.00 43.85 0.00 0.00 643.00 43.85 0.00 0.00 
644.00 43.66 0.00 0.00 644.00 43.66 0.00 0.00 644.00 43.66 0.00 0.00 644.00 43.66 0.00 0.00 644.00 43.66 0.00 0.00 
645.00 43.47 0.00 0.00 645.00 43.47 0.00 0.00 645.00 43.47 0.00 0.00 645.00 43.47 0.00 0.00 645.00 43.47 0.00 0.00 
646.00 43.26 0.00 0.00 646.00 43.26 0.00 0.00 646.00 43.26 0.00 0.00 646.00 43.26 0.00 0.00 646.00 43.26 0.00 0.00 
647.00 43.03 0.00 0.00 647.00 43.03 0.00 0.00 647.00 43.03 0.00 0.00 647.00 43.03 0.00 0.00 647.00 43.03 0.00 0.00 
648.00 42.80 0.00 0.00 648.00 42.80 0.00 0.00 648.00 42.80 0.00 0.00 648.00 42.80 0.00 0.00 648.00 42.80 0.00 0.00 
649.00 42.55 0.00 0.00 649.00 42.55 0.00 0.00 649.00 42.55 0.00 0.00 649.00 42.55 0.00 0.00 649.00 42.55 0.00 0.00 
650.00 42.29 0.00 0.00 650.00 42.29 0.00 0.00 650.00 42.29 0.00 0.00 650.00 42.29 0.00 0.00 650.00 42.29 0.00 0.00 
651.00 42.01 0.00 0.00 651.00 42.01 0.00 0.00 651.00 42.01 0.00 0.00 651.00 42.01 0.00 0.00 651.00 42.01 0.00 0.00 
652.00 41.72 0.00 0.00 652.00 41.72 0.00 0.00 652.00 41.72 0.00 0.00 652.00 41.72 0.00 0.00 652.00 41.72 0.00 0.00 
653.00 41.42 0.00 0.00 653.00 41.42 0.00 0.00 653.00 41.42 0.00 0.00 653.00 41.42 0.00 0.00 653.00 41.42 0.00 0.00 
654.00 41.11 0.00 0.00 654.00 41.11 0.00 0.00 654.00 41.11 0.00 0.00 654.00 41.11 0.00 0.00 654.00 41.11 0.00 0.00 
655.00 40.78 0.00 0.00 655.00 40.78 0.00 0.00 655.00 40.78 0.00 0.00 655.00 40.78 0.00 0.00 655.00 40.78 0.00 0.00 
656.00 40.45 0.00 0.00 656.00 40.45 0.00 0.00 656.00 40.45 0.00 0.00 656.00 40.45 0.00 0.00 656.00 40.45 0.00 0.00 
657.00 40.10 0.00 0.00 657.00 40.10 0.00 0.00 657.00 40.10 0.00 0.00 657.00 40.10 0.00 0.00 657.00 40.10 0.00 0.00 
658.00 39.73 0.00 0.00 658.00 39.73 0.00 0.00 658.00 39.73 0.00 0.00 658.00 39.73 0.00 0.00 658.00 39.73 0.00 0.00 
659.00 39.36 0.00 0.00 659.00 39.36 0.00 0.00 659.00 39.36 0.00 0.00 659.00 39.36 0.00 0.00 659.00 39.36 0.00 0.00 
660.00 38.97 0.00 0.00 660.00 38.97 0.00 0.00 660.00 38.97 0.00 0.00 660.00 38.97 0.00 0.00 660.00 38.97 0.00 0.00 
661.00 38.57 0.00 0.00 661.00 38.57 0.00 0.00 661.00 38.57 0.00 0.00 661.00 38.57 0.00 0.00 661.00 38.57 0.00 0.00 
662.00 38.16 0.00 0.00 662.00 38.16 0.00 0.00 662.00 38.16 0.00 0.00 662.00 38.16 0.00 0.00 662.00 38.16 0.00 0.00 
663.00 37.74 0.00 0.00 663.00 37.74 0.00 0.00 663.00 37.74 0.00 0.00 663.00 37.74 0.00 0.00 663.00 37.74 0.00 0.00 
664.00 37.31 0.00 0.00 664.00 37.31 0.00 0.00 664.00 37.31 0.00 0.00 664.00 37.31 0.00 0.00 664.00 37.31 0.00 0.00 
665.00 36.86 0.00 0.00 665.00 36.86 0.00 0.00 665.00 36.86 0.00 0.00 665.00 36.86 0.00 0.00 665.00 36.86 0.00 0.00 
666.00 36.41 0.00 0.00 666.00 36.41 0.00 0.00 666.00 36.41 0.00 0.00 666.00 36.41 0.00 0.00 666.00 36.41 0.00 0.00 
667.00 35.94 0.00 0.00 667.00 35.94 0.00 0.00 667.00 35.94 0.00 0.00 667.00 35.94 0.00 0.00 667.00 35.94 0.00 0.00 
668.00 35.46 0.00 0.00 668.00 35.46 0.00 0.00 668.00 35.46 0.00 0.00 668.00 35.46 0.00 0.00 668.00 35.46 0.00 0.00 
669.00 34.97 0.00 0.00 669.00 34.97 0.00 0.00 669.00 34.97 0.00 0.00 669.00 34.97 0.00 0.00 669.00 34.97 0.00 0.00 
670.00 34.47 0.00 0.00 670.00 34.47 0.00 0.00 670.00 34.47 0.00 0.00 670.00 34.47 0.00 0.00 670.00 34.47 0.00 0.00 
671.00 33.96 0.00 0.00 671.00 33.96 0.00 0.00 671.00 33.96 0.00 0.00 671.00 33.96 0.00 0.00 671.00 33.96 0.00 0.00 
672.00 33.44 0.00 0.00 672.00 33.44 0.00 0.00 672.00 33.44 0.00 0.00 672.00 33.44 0.00 0.00 672.00 33.44 0.00 0.00 
673.00 32.91 0.00 0.00 673.00 32.91 0.00 0.00 673.00 32.91 0.00 0.00 673.00 32.91 0.00 0.00 673.00 32.91 0.00 0.00 
674.00 32.37 0.00 0.00 674.00 32.37 0.00 0.00 674.00 32.37 0.00 0.00 674.00 32.37 0.00 0.00 674.00 32.37 0.00 0.00 
675.00 31.82 0.00 0.00 675.00 31.82 0.00 0.00 675.00 31.82 0.00 0.00 675.00 31.82 0.00 0.00 675.00 31.82 0.00 0.00 
676.00 31.26 0.00 0.00 676.00 31.26 0.00 0.00 676.00 31.26 0.00 0.00 676.00 31.26 0.00 0.00 676.00 31.26 0.00 0.00 
677.00 30.69 0.00 0.00 677.00 30.69 0.00 0.00 677.00 30.69 0.00 0.00 677.00 30.69 0.00 0.00 677.00 30.69 0.00 0.00 
678.00 30.11 0.00 0.00 678.00 30.11 0.00 0.00 678.00 30.11 0.00 0.00 678.00 30.11 0.00 0.00 678.00 30.11 0.00 0.00 
679.00 29.52 0.00 0.00 679.00 29.52 0.00 0.00 679.00 29.52 0.00 0.00 679.00 29.52 0.00 0.00 679.00 29.52 0.00 0.00 
680.00 28.93 0.00 0.00 680.00 28.93 0.00 0.00 680.00 28.93 0.00 0.00 680.00 28.93 0.00 0.00 680.00 28.93 0.00 0.00 
681.00 28.32 0.00 0.00 681.00 28.32 0.00 0.00 681.00 28.32 0.00 0.00 681.00 28.32 0.00 0.00 681.00 28.32 0.00 0.00 
682.00 27.70 0.00 0.00 682.00 27.70 0.00 0.00 682.00 27.70 0.00 0.00 682.00 27.70 0.00 0.00 682.00 27.70 0.00 0.00 
683.00 27.08 0.00 0.00 683.00 27.08 0.00 0.00 683.00 27.08 0.00 0.00 683.00 27.08 0.00 0.00 683.00 27.08 0.00 0.00 
684.00 26.45 0.00 0.00 684.00 26.45 0.00 0.00 684.00 26.45 0.00 0.00 684.00 26.45 0.00 0.00 684.00 26.45 0.00 0.00 
