  7.628923 -13.993490  -7.628923  32.265844   7.628923  32.594715  -7.628923 -13.288105   7.628923 -38.144613  -7.628923 
  7.643144 -14.690505  -7.643144  31.926635   7.643144  32.913326  -7.643144 -12.574667   7.643144 -38.136134  -7.643144 
  7.655675 -15.378848  -7.655675  31.577013   7.655675  33.221755  -7.655675 -11.853516   7.655675 -38.119173  -7.655675 
  7.666518 -16.058239  -7.666518  31.216904   7.666518  33.520080  -7.666518 -11.125007   7.666518 -38.093724  -7.666518 
  7.675675 -16.728416  -7.675675  30.846235   7.675675  33.808382  -7.675675 -10.389517   7.675675 -38.059776  -7.675675 
  7.683148 -17.389138  -7.683148  30.464936   7.683148  34.086737  -7.683148  -9.647439   7.683148 -38.017315  -7.683148 
  7.688936 -18.040180  -7.688936  30.072940   7.688936  34.355226  -7.688936  -8.899184   7.688936 -37.966327  -7.688936 
  7.693042 -18.681338  -7.693042  29.670185   7.693042  34.613926  -7.693042  -8.145177   7.693042 -37.906789  -7.693042 
  7.695463 -19.312425  -7.695463  29.256611   7.695463  34.862915  -7.695463  -7.385863   7.695463 -37.838681  -7.695463 
  7.696198 -19.933273  -7.696198  28.832162   7.696198  35.102267  -7.696198  -6.621700   7.696198 -37.761974  -7.696198 
  7.695247 -20.543730  -7.695247  28.396789   7.695247  35.332058  -7.695247  -5.853158   7.695247 -37.676641  -7.695247 
  7.692606 -21.143662  -7.692606  27.950447   7.692606  35.552362  -7.692606  -5.080721   7.692606 -37.582647  -7.692606 
  7.688272 -21.732950  -7.688272  27.493098   7.688272  35.763250  -7.688272  -4.304885   7.688272 -37.479957  -7.688272 
  7.682241 -22.311491  -7.682241  27.024711   7.682241  35.964792  -7.682241  -3.526156   7.682241 -37.368533  -7.682241 
  7.674509 -22.879199  -7.674509  26.545261   7.674509  36.157055  -7.674509  -2.745047   7.674509 -37.248332  -7.674509 
  7.665071 -23.435998  -7.665071  26.054733   7.665071  36.340106  -7.665071  -1.962080   7.665071 -37.119310  -7.665071 
  7.653921 -23.981831  -7.653921  25.553118   7.653921  36.514008  -7.653921  -1.177782   7.653921 -36.981418  -7.653921 
  7.641053 -24.516650  -7.641053  25.040420   7.641053  36.678822  -7.641053  -0.392683   7.641053 -36.834607  -7.641053 
  7.626460 -25.040420  -7.626460  24.516650   7.626460  36.834607  -7.626460   0.392683   7.626460 -36.678822  -7.626460 
  7.610134 -25.553118  -7.610134  23.981831   7.610134  36.981418  -7.610134   1.177782   7.610134 -36.514008  -7.610134 
  7.592067 -26.054733  -7.592067  23.435998   7.592067  37.119310  -7.592067   1.962080   7.592067 -36.340106  -7.592067 
  7.572250 -26.545261  -7.572250  22.879199   7.572250  37.248332  -7.572250   2.745047   7.572250 -36.157055  -7.572250 
  7.550675 -27.024711  -7.550675  22.311491   7.550675  37.368533  -7.550675   3.526156   7.550675 -35.964792  -7.550675 
  7.527331 -27.493098  -7.527331  21.732950   7.527331  37.479957  -7.527331   4.304885   7.527331 -35.763250  -7.527331 
  7.502207 -27.950447  -7.502207  21.143662   7.502207  37.582647  -7.502207   5.080721   7.502207 -35.552362  -7.502207 
  7.475293 -28.396789  -7.475293  20.543730   7.475293  37.676641  -7.475293   5.853158   7.475293 -35.332058  -7.475293 
  7.446578 -28.832162  -7.446578  19.933273   7.446578  37.761974  -7.446578   6.621700   7.446578 -35.102267  -7.446578 
  7.416049 -29.256611  -7.416049  19.312425   7.416049  37.838681  -7.416049   7.385863   7.416049 -34.862915  -7.416049 
  7.383694 -29.670185  -7.383694  18.681338   7.383694  37.906789  -7.383694   8.145177   7.383694 -34.613926  -7.383694 
  7.349501 -30.072940  -7.349501  18.040180   7.349501  37.966327  -7.349501   8.899184   7.349501 -34.355226  -7.349501 
  7.313455 -30.464936  -7.313455  17.389138   7.313455  38.017315  -7.313455   9.647439   7.313455 -34.086737  -7.313455 
  7.275543 -30.846235  -7.275543  16.728416   7.275543  38.059776  -7.275543  10.389517   7.275543 -33.808382  -7.275543 
  7.235752 -31.216904  -7.235752  16.058239   7.235752  38.093724  -7.235752  11.125007   7.235752 -33.520080  -7.235752 
  7.194067 -31.577013  -7.194067  15.378848   7.194067  38.119173  -7.194067  11.853516   7.194067 -33.221755  -7.194067 
  7.150472 -31.926635  -7.150472  14.690505   7.150472  38.136134  -7.150472  12.574667   7.150472 -32.913326  -7.150472 
  7.104955 -32.265844  -7.104955  13.993490   7.104955  38.144613  -7.104955  13.288105   7.104955 -32.594715  -7.104955 
  7.057498 -38.144613  -7.057498  13.288105   7.057498  38.144613  -7.057498  13.993490   7.057498 -32.265844  -7.057498 
  7.008088 -38.215721  -7.008088  12.574667   7.008088  38.136134  -7.008088  14.690505   7.008088 -31.926635  -7.008088 
  6.956709 -38.278375  -6.956709  11.853516   6.956709  38.119173  -6.956709  15.378848   6.956709 -31.577013  -6.956709 
  6.903345 -38.332590  -6.903345  11.125007   6.903345  38.093724  -6.903345  16.058239   6.903345 -31.216904  -6.903345 
  6.847981 -38.378375  -6.847981  10.389517   6.847981  38.059776  -6.847981  16.728416   6.847981 -30.846235  -6.847981 
  6.790602 -38.415738  -6.790602   9.647439   6.790602  38.017315  -6.790602  17.389138   6.790602 -30.464936  -6.790602 
  6.731193 -38.444682  -6.731193   8.899184   6.731193  37.966327  -6.731193  18.040180   6.731193 -30.072940  -6.731193 
  6.669738 -38.465208  -6.669738   8.145177   6.669738  37.906789  -6.669738  18.681338   6.669738 -29.670185  -6.669738 
  6.606223 -38.477314  -6.606223   7.385863   6.606223  37.838681  -6.606223  19.312425   6.606223 -29.256611  -6.606223 
  6.540634 -38.480992  -6.540634   6.621700   6.540634  37.761974  -6.540634  19.933273   6.540634 -28.832162  -6.540634 
  6.472956 -38.476235  -6.472956   5.853158   6.472956  37.676641  -6.472956  20.543730   6.472956 -28.396789  -6.472956 
  6.403177 -38.463029  -6.403177   5.080721   6.403177  37.582647  -6.403177  21.143662   6.403177 -27.950447  -6.403177 
  6.331283 -38.441359  -6.331283   4.304885   6.331283  37.479957  -6.331283  21.732950   6.331283 -27.493098  -6.331283 
  6.257262 -38.411205  -6.257262   3.526156   6.257262  37.368533  -6.257262  22.311491   6.257262 -27.024711  -6.257262 
  6.181104 -38.372546  -6.181104   2.745047   6.181104  37.248332  -6.181104  22.879199   6.181104 -26.545261  -6.181104 
  6.102798 -38.325356  -6.102798   1.962080   6.102798  37.119310  -6.102798  23.435998   6.102798 -26.054733  -6.102798 
  6.022334 -38.269607  -6.022334   1.177782   6.022334  36.981418  -6.022334  23.981831   6.022334 -25.553118  -6.022334 
  5.939705 -38.205266  -5.939705   0.392683   5.939705  36.834607  -5.939705  24.516650   5.939705 -25.040420  -5.939705 
  5.854903 -38.132299  -5.854903  -0.392683   5.854903  36.678822  -5.854903  25.040420   5.854903 -24.516650  -5.854903 
  5.767924 -38.050669  -5.767924  -1.177782   5.767924  36.514008  -5.767924  25.553118   5.767924 -23.981831  -5.767924 
  5.678763 -37.960335  -5.678763  -1.962080   5.678763  36.340106  -5.678763  26.054733   5.678763 -23.435998  -5.678763 
  5.587418 -37.861252  -5.587418  -2.745047   5.587418  36.157055  -5.587418  26.545261   5.587418 -22.879199  -5.587418 
  5.493888 -37.753375  -5.493888  -3.526156   5.493888  35.964792  -5.493888  27.024711   5.493888 -22.311491  -5.493888 
  5.398176 -37.636653  -5.398176  -4.304885   5.398176  35.763250  -5.398176  27.493098   5.398176 -21.732950  -5.398176 
  5.300284 -37.511036  -5.300284  -5.080721   5.300284  35.552362  -5.300284  27.950447   5.300284 -21.143662  -5.300284 
  5.200219 -37.376467  -5.200219  -5.853158   5.200219  35.332058  -5.200219  28.396789   5.200219 -20.543730  -5.200219 
  5.097988 -37.232891  -5.097988  -6.621700   5.097988  35.102267  -5.097988  28.832162   5.097988 -19.933273  -5.097988 
  4.993602 -37.080246  -4.993602  -7.385863   4.993602  34.862915  -4.993602  29.256611   4.993602 -19.312425  -4.993602 
  4.887075 -36.918472  -4.887075  -8.145177   4.887075  34.613926  -4.887075  29.670185   4.887075 -18.681338  -4.887075 
  4.778423 -36.747503  -4.778423  -8.899184   4.778423  34.355226  -4.778423  30.072940   4.778423 -18.040180  -4.778423 
  4.667665 -36.567274  -4.667665  -9.647439   4.667665  34.086737  -4.667665  30.464936   4.667665 -17.389138  -4.667665 
  4.554823 -36.377717  -4.554823 -10.389517   4.554823  33.808382  -4.554823  30.846235   4.554823 -16.728416  -4.554823 
  4.439922 -36.178760  -4.439922 -11.125007   4.439922  33.520080  -4.439922  31.216904   4.439922 -16.058239  -4.439922 
  4.322991 -35.970333  -4.322991 -11.853516   4.322991  33.221755  -4.322991  31.577013   4.322991 -15.378848  -4.322991 
  4.204063 -35.752362  -4.204063 -12.574667   4.204063  32.913326  -4.204063  31.926635   4.204063 -14.690505  -4.204063 
  4.083172 -35.524774  -4.083172 -13.288105   4.083172  32.594715  -4.083172  32.265844   4.083172 -13.993490  -4.083172 
  3.960360 -35.287492  -3.960360 -13.993490   3.960360  32.265844  -3.960360  32.594715   3.960360 -13.288105  -3.960360 
  3.835668 -35.040441  -3.835668 -14.690505   3.835668  31.926635  -3.835668  32.913326   3.835668 -12.574667  -3.835668 
  3.709143 -34.783544  -3.709143 -15.378848   3.709143  31.577013  -3.709143  33.221755   3.709143 -11.853516  -3.709143 
  3.580837 -34.516725  -3.580837 -16.058239   3.580837  31.216904  -3.580837  33.520080   3.580837 -11.125007  -3.580837 
  3.450805 -34.239906  -3.450805 -16.728416   3.450805  30.846235  -3.450805  33.808382   3.450805 -10.389517  -3.450805 
  3.319104 -33.953011  -3.319104 -17.389138   3.319104  30.464936  -3.319104  34.086737   3.319104  -9.647439  -3.319104 
  3.185798 -33.655963  -3.185798 -18.040180   3.185798  30.072940  -3.185798  34.355226   3.185798  -8.899184  -3.185798 
  3.050953 -33.348689  -3.050953 -18.681338   3.050953  29.670185  -3.050953  34.613926   3.050953  -8.145177  -3.050953 
  2.914640 -33.031115  -2.914640 -19.312425   2.914640  29.256611  -2.914640  34.862915   2.914640  -7.385863  -2.914640 
  2.776932 -32.703168  -2.776932 -19.933273   2.776932  28.832162  -2.776932  35.102267   2.776932  -6.621700  -2.776932 
  2.637909 -32.364780  -2.637909 -20.543730   2.637909  28.396789  -2.637909  35.332058   2.637909  -5.853158  -2.637909 
  2.497652 -32.015883  -2.497652 -21.143662   2.497652  27.950447  -2.497652  35.552362   2.497652  -5.080721  -2.497652 
  2.356246 -31.656413  -2.356246 -21.732950   2.356246  27.493098  -2.356246  35.763250   2.356246  -4.304885  -2.356246 
  2.213779 -31.286311  -2.213779 -22.311491   2.213779  27.024711  -2.213779  35.964792   2.213779  -3.526156  -2.213779 
  2.070344 -30.905520  -2.070344 -22.879199   2.070344  26.545261  -2.070344  36.157055   2.070344  -2.745047  -2.070344 
  1.926036 -30.513989  -1.926036 -23.435998   1.926036  26.054733  -1.926036  36.340106   1.926036  -1.962080  -1.926036 
  1.780951 -30.111670  -1.780951 -23.981831   1.780951  25.553118  -1.780951  36.514008   1.780951  -1.177782  -1.780951 
  1.635191 -29.698525  -1.635191 -24.516650   1.635191  25.040420  -1.635191  36.678822   1.635191  -0.392683  -1.635191 
  1.488858 -29.274517  -1.488858 -25.040420   1.488858  24.516650  -1.488858  36.834607   1.488858   0.392683  -1.488858 
  1.342056 -28.839620  -1.342056 -25.553118   1.342056  23.981831  -1.342056  36.981418   1.342056   1.177782  -1.342056 
  1.194892 -28.393815  -1.194892 -26.054733   1.194892  23.435998  -1.194892  37.119310   1.194892   1.962080  -1.194892 
  1.047473 -27.937089  -1.047473 -26.545261   1.047473  22.879199  -1.047473  37.248332   1.047473   2.745047  -1.047473 
  0.899908 -27.469442  -0.899908 -27.024711   0.899908  22.311491  -0.899908  37.368533   0.899908   3.526156  -0.899908 
  0.752308 -26.990880  -0.752308 -27.493098   0.752308  21.732950  -0.752308  37.479957   0.752308   4.304885  -0.752308 
  0.604781 -26.501421  -0.604781 -27.950447   0.604781  21.143662  -0.604781  37.582647   0.604781   5.080721  -0.604781 
  0.457439 -26.001094  -0.457439 -28.396789   0.457439  20.543730  -0.457439  37.676641   0.457439   5.853158  -0.457439 
  0.310392 -25.489939  -0.310392 -28.832162   0.310392  19.933273  -0.310392  37.761974   0.310392   6.621700  -0.310392 
  0.163748 -24.968011  -0.163748 -29.256611   0.163748  19.312425  -0.163748  37.838681   0.163748   7.385863  -0.163748 
  0.017618 -24.435377  -0.017618 -29.670185   0.017618  18.681338  -0.017618  37.906789   0.017618   8.145177  -0.017618 
 -0.127892 -23.892116   0.127892 -30.072940  -0.127892  18.040180   0.127892  37.966327  -0.127892   8.899184   0.127892 
 -0.272676 -23.338324   0.272676 -30.464936  -0.272676  17.389138   0.272676  38.017315  -0.272676   9.647439   0.272676 
 -0.416629 -22.774113   0.416629 -30.846235  -0.416629  16.728416   0.416629  38.059776  -0.416629  10.389517   0.416629 
 -0.559648 -22.199609   0.559648 -31.216904  -0.559648  16.058239   0.559648  38.093724  -0.559648  11.125007   0.559648 
 -0.701634 -21.614955   0.701634 -31.577013  -0.701634  15.378848   0.701634  38.119173  -0.701634  11.853516   0.701634 
 -0.842490 -21.020314   0.842490 -31.926635  -0.842490  14.690505   0.842490  38.136134  -0.842490  12.574667   0.842490 
 -0.982120 -20.415862   0.982120 -32.265844  -0.982120  13.993490   0.982120  38.144613  -0.982120  13.288105   0.982120 
 -1.120434 -19.801799   1.120434 -38.144613  -1.120434  13.288105   1.120434  38.144613  -1.120434  13.993490   1.120434 
 -1.257342 -19.178339   1.257342 -38.215721  -1.257342  12.574667   1.257342  38.136134  -1.257342  14.690505   1.257342 
 -1.392760 -18.545716   1.392760 -38.278375  -1.392760  11.853516   1.392760  38.119173  -1.392760  15.378848   1.392760 
 -1.526606 -17.904187   1.526606 -38.332590  -1.526606  11.125007   1.526606  38.093724  -1.526606  16.058239   1.526606 
 -1.658801 -17.254023   1.658801 -38.378375  -1.658801  10.389517   1.658801  38.059776  -1.658801  16.728416   1.658801 
 -1.789272 -16.595519   1.789272 -38.415738  -1.789272   9.647439   1.789272  38.017315  -1.789272  17.389138   1.789272 
 -1.917948 -15.928989   1.917948 -38.444682  -1.917948   8.899184   1.917948  37.966327  -1.917948  18.040180   1.917948 
 -2.044763 -15.254764   2.044763 -38.465208  -2.044763   8.145177   2.044763  37.906789  -2.044763  18.681338   2.044763 
 -2.169653 -14.573198   2.169653 -38.477314  -2.169653   7.385863   2.169653  37.838681  -2.169653  19.312425   2.169653 
 -2.292559 -13.884662   2.292559 -38.480992  -2.292559   6.621700   2.292559  37.761974  -2.292559  19.933273   2.292559 
 -2.413426 -13.189546   2.413426 -38.476235  -2.413426   5.853158   2.413426  37.676641  -2.413426  20.543730   2.413426 
 -2.532202 -12.488259   2.532202 -38.463029  -2.532202   5.080721   2.532202  37.582647  -2.532202  21.143662   2.532202 
 -2.648841 -11.781228   2.648841 -38.441359  -2.648841   4.304885   2.648841  37.479957  -2.648841  21.732950   2.648841 
 -2.763297 -11.068895   2.763297 -38.411205  -2.763297   3.526156   2.763297  37.368533  -2.763297  22.311491   2.763297 
 -2.875531 -10.351721   2.875531 -38.372546  -2.875531   2.745047   2.875531  37.248332  -2.875531  22.879199   2.875531 
 -2.985505  -9.630178   2.985505 -38.325356  -2.985505   1.962080   2.985505  37.119310  -2.985505  23.435998   2.985505 
 -3.093186  -8.904756   3.093186 -38.269607  -3.093186   1.177782   3.093186  36.981418  -3.093186  23.981831   3.093186 
 -3.198544  -8.175955   3.198544 -38.205266  -3.198544   0.392683   3.198544  36.834607  -3.198544  24.516650   3.198544 
 -3.301552  -7.444289   3.301552 -38.132299  -3.301552  -0.392683   3.301552  36.678822  -3.301552  25.040420   3.301552 
 -3.402186  -6.710279   3.402186 -38.050669  -3.402186  -1.177782   3.402186  36.514008  -3.402186  25.553118   3.402186 
 -3.500425  -5.974458   3.500425 -37.960335  -3.500425  -1.962080   3.500425  36.340106  -3.500425  26.054733   3.500425 
 -3.596250  -5.237364   3.596250 -37.861252  -3.596250  -2.745047   3.596250  36.157055  -3.596250  26.545261   3.596250 
 -3.689645  -4.499542   3.689645 -37.753375  -3.689645  -3.526156   3.689645  35.964792  -3.689645  27.024711   3.689645 
 -3.780599  -3.761539   3.780599 -37.636653  -3.780599  -4.304885   3.780599  35.763250  -3.780599  27.493098   3.780599 
 -3.869099  -3.023907   3.869099 -37.511036  -3.869099  -5.080721   3.869099  35.552362  -3.869099  27.950447   3.869099 
 -3.955137  -2.287197   3.955137 -37.376467  -3.955137  -5.853158   3.955137  35.332058  -3.955137  28.396789   3.955137 
 -4.038706  -1.551959   4.038706 -37.232891  -4.038706  -6.621700   4.038706  35.102267  -4.038706  28.832162   4.038706 
 -4.119802  -0.818742   4.119802 -37.080246  -4.119802  -7.385863   4.119802  34.862915  -4.119802  29.256611   4.119802 
 -4.198422  -0.088089   4.198422 -36.918472  -4.198422  -8.145177   4.198422  34.613926  -4.198422  29.670185   4.198422 
 -4.274564   0.639462   4.274564 -36.747503  -4.274564  -8.899184   4.274564  34.355226  -4.274564  30.072940   4.274564 
 -4.348228   1.363379   4.348228 -36.567274  -4.348228  -9.647439   4.348228  34.086737  -4.348228  30.464936   4.348228 
 -4.419416   2.083143   4.419416 -36.377717  -4.419416 -10.389517   4.419416  33.808382  -4.419416  30.846235   4.419416 
 -4.488130   2.798240   4.488130 -36.178760  -4.488130 -11.125007   4.488130  33.520080  -4.488130  31.216904   4.488130 
 -4.554375   3.508171   4.554375 -35.970333  -4.554375 -11.853516   4.554375  33.221755  -4.554375  31.577013   4.554375 
 -4.618154   4.212450   4.618154 -35.752362  -4.618154 -12.574667   4.618154  32.913326  -4.618154  31.926635   4.618154 
 -4.679474   4.910602   4.679474 -35.524774  -4.679474 -13.288105   4.679474  32.594715  -4.679474  32.265844   4.679474 
 -4.738340   5.602169   4.738340 -35.287492  -4.738340 -13.993490   4.738340  32.265844  -4.738340  32.594715   4.738340 
 -4.794760   6.286710   4.794760 -35.040441  -4.794760 -14.690505   4.794760  31.926635  -4.794760  32.913326   4.794760 
 -4.848741   6.963799   4.848741 -34.783544  -4.848741 -15.378848   4.848741  31.577013  -4.848741  33.221755   4.848741 
 -4.900290   7.633028   4.900290 -34.516725  -4.900290 -16.058239   4.900290  31.216904  -4.900290  33.520080   4.900290 
 -4.949416   8.294006   4.949416 -34.239906  -4.949416 -16.728416   4.949416  30.846235  -4.949416  33.808382   4.949416 
 -4.996128   8.946361   4.996128 -33.953011  -4.996128 -17.389138   4.996128  30.464936  -4.996128  34.086737   4.996128 
 -5.040433   9.589742   5.040433 -33.655963  -5.040433 -18.040180   5.040433  30.072940  -5.040433  34.355226   5.040433 
 -5.082341  10.223814   5.082341 -33.348689  -5.082341 -18.681338   5.082341  29.670185  -5.082341  34.613926   5.082341 
 -5.121860  10.848263   5.121860 -33.031115  -5.121860 -19.312425   5.121860  29.256611  -5.121860  34.862915   5.121860 
 -5.159000  11.462793   5.159000 -32.703168  -5.159000 -19.933273   5.159000  28.832162  -5.159000  35.102267   5.159000 
 -5.193767  12.067128   5.193767 -32.364780  -5.193767 -20.543730   5.193767  28.396789  -5.193767  35.332058   5.193767 
 -5.226171  12.661011   5.226171 -32.015883  -5.226171 -21.143662   5.226171  27.950447  -5.226171  35.552362   5.226171 
 -5.256220  13.244203   5.256220 -31.656413  -5.256220 -21.732950   5.256220  27.493098  -5.256220  35.763250   5.256220 
 -5.283921  13.816485   5.283921 -31.286311  -5.283921 -22.311491   5.283921  27.024711  -5.283921  35.964792   5.283921 
 -5.309283  14.377653   5.309283 -30.905520  -5.309283 -22.879199   5.309283  26.545261  -5.309283  36.157055   5.309283 
 -5.332311  14.927525   5.332311 -30.513989  -5.332311 -23.435998   5.332311  26.054733  -5.332311  36.340106   5.332311 
 -5.353013  15.465931   5.353013 -30.111670  -5.353013 -23.981831   5.353013  25.553118  -5.353013  36.514008   5.353013 
 -5.371396  15.992722   5.371396 -29.698525  -5.371396 -24.516650   5.371396  25.040420  -5.371396  36.678822   5.371396 
 -5.387464  16.507761   5.387464 -29.274517  -5.387464 -25.040420   5.387464  24.516650  -5.387464  36.834607   5.387464 
 -5.401223  17.010930   5.401223 -28.839620  -5.401223 -25.553118   5.401223  23.981831  -5.401223  36.981418   5.401223 
 -5.412677  17.502123   5.412677 -28.393815  -5.412677 -26.054733   5.412677  23.435998  -5.412677  37.119310   5.412677 
 -5.421831  17.981248   5.421831 -27.937089  -5.421831 -26.545261   5.421831  22.879199  -5.421831  37.248332   5.421831 
 -5.428689  18.448226   5.428689 -27.469442  -5.428689 -27.024711   5.428689  22.311491  -5.428689  37.368533   5.428689 
 -5.433252  18.902993   5.433252 -26.990880  -5.433252 -27.493098   5.433252  21.732950  -5.433252  37.479957   5.433252 
 -5.435524  19.345493   5.435524 -26.501421  -5.435524 -27.950447   5.435524  21.143662  -5.435524  37.582647   5.435524 
 -5.435505  19.775683   5.435505 -26.001094  -5.435505 -28.396789   5.435505  20.543730  -5.435505  37.676641   5.435505 
 -5.433198  20.193530   5.433198 -25.489939  -5.433198 -28.832162   5.433198  19.933273  -5.433198  37.761974   5.433198 
 -5.428601  20.599010   5.428601 -24.968011  -5.428601 -29.256611   5.428601  19.312425  -5.428601  37.838681   5.428601 
 -5.421716  20.992108   5.421716 -24.435377  -5.421716 -29.670185   5.421716  18.681338  -5.421716  37.906789   5.421716 
 -5.412540  21.372818   5.412540 -23.892116  -5.412540 -30.072940   5.412540  18.040180  -5.412540  37.966327   5.412540 
 -5.401072  21.741139   5.401072 -23.338324  -5.401072 -30.464936   5.401072  17.389138  -5.401072  38.017315   5.401072 
 -5.387310  22.097079   5.387310 -22.774113  -5.387310 -30.846235   5.387310  16.728416  -5.387310  38.059776   5.387310 
 -5.371250  22.440651   5.371250 -22.199609  -5.371250 -31.216904   5.371250  16.058239  -5.371250  38.093724   5.371250 
 -5.352890  22.771874   5.352890 -21.614955  -5.352890 -31.577013   5.352890  15.378848  -5.352890  38.119173   5.352890 
 -5.332224  23.090771   5.332224 -21.020314  -5.332224 -31.926635   5.332224  14.690505  -5.332224  38.136134   5.332224 
 -5.309249  23.397369   5.309249 -20.415862  -5.309249 -32.265844   5.309249  13.993490  -5.309249  38.144613   5.309249 
 -5.283957  23.691701   5.283957 -19.801799  -5.283957 -38.144613   5.283957  13.288105  -5.283957  38.144613   5.283957 
 -5.256343  23.973800   5.256343 -19.178339  -5.256343 -38.215721   5.256343  12.574667  -5.256343  38.136134   5.256343 
 -5.226401  24.243703   5.226401 -18.545716  -5.226401 -38.278375   5.226401  11.853516  -5.226401  38.119173   5.226401 
 -5.194123  24.501450   5.194123 -17.904187  -5.194123 -38.332590   5.194123  11.125007  -5.194123  38.093724   5.194123 
 -5.159501  24.747081   5.159501 -17.254023  -5.159501 -38.378375   5.159501  10.389517  -5.159501  38.059776   5.159501 
 -5.122527  24.980639   5.122527 -16.595519  -5.122527 -38.415738   5.122527   9.647439  -5.122527  38.017315   5.122527 
 -5.083193  25.202166   5.083193 -15.928989  -5.083193 -38.444682   5.083193   8.899184  -5.083193  37.966327   5.083193 
 -5.041488  25.411706   5.041488 -15.254764  -5.041488 -38.465208   5.041488   8.145177  -5.041488  37.906789   5.041488 
 -4.997404  25.609302   4.997404 -14.573198  -4.997404 -38.477314   4.997404   7.385863  -4.997404  37.838681   4.997404 
 -4.950930  25.794998   4.950930 -13.884662  -4.950930 -38.480992   4.950930   6.621700  -4.950930  37.761974   4.950930 
 -4.902057  25.968835   4.902057 -13.189546  -4.902057 -38.476235   4.902057   5.853158  -4.902057  37.676641   4.902057 
 -4.850774  26.130855   4.850774 -12.488259  -4.850774 -38.463029   4.850774   5.080721  -4.850774  37.582647   4.850774 
 -4.797071  26.281099   4.797071 -11.781228  -4.797071 -38.441359   4.797071   4.304885  -4.797071  37.479957   4.797071 
 -4.740936  26.419606   4.740936 -11.068895  -4.740936 -38.411205   4.740936   3.526156  -4.740936  37.368533   4.740936 
 -4.682359  26.546413   4.682359 -10.351721  -4.682359 -38.372546   4.682359   2.745047  -4.682359  37.248332   4.682359 
 -4.621329  26.661556   4.621329  -9.630178  -4.621329 -38.325356   4.621329   1.962080  -4.621329  37.119310   4.621329 
 -4.557836  26.765067   4.557836  -8.904756  -4.557836 -38.269607   4.557836   1.177782  -4.557836  36.981418   4.557836 
 -4.491869  26.856979   4.491869  -8.175955  -4.491869 -38.205266   4.491869   0.392683  -4.491869  36.834607   4.491869 
 -4.423417  26.937319   4.423417  -7.444289  -4.423417 -38.132299   4.423417  -0.392683  -4.423417  36.678822   4.423417 
 -4.352471  27.006114   4.352471  -6.710279  -4.352471 -38.050669   4.352471  -1.177782  -4.352471  36.514008   4.352471 
 -4.279022  27.063386   4.279022  -5.974458  -4.279022 -37.960335   4.279022  -1.962080  -4.279022  36.340106   4.279022 
 -4.203060  27.109157   4.203060  -5.237364  -4.203060 -37.861252   4.203060  -2.745047  -4.203060  36.157055   4.203060 
 -4.124576  27.143444   4.124576  -4.499542  -4.124576 -37.753375   4.124576  -3.526156  -4.124576  35.964792   4.124576 
 -4.043564  27.166260   4.043564  -3.761539  -4.043564 -37.636653   4.043564  -4.304885  -4.043564  35.763250   4.043564 
 -3.960017  27.177619   3.960017  -3.023907  -3.960017 -37.511036   3.960017  -5.080721  -3.960017  35.552362   3.960017 
 -3.873929  27.177526   3.873929  -2.287197  -3.873929 -37.376467   3.873929  -5.853158  -3.873929  35.332058   3.873929 
 -3.785294  27.165988   3.785294  -1.551959  -3.785294 -37.232891   3.785294  -6.621700  -3.785294  35.102267   3.785294 
 -3.694111  27.143006   3.694111  -0.818742  -3.694111 -37.080246   3.694111  -7.385863  -3.694111  34.862915   3.694111 
 -3.600376  27.108578   3.600376  -0.088089  -3.600376 -36.918472   3.600376  -8.145177  -3.600376  34.613926   3.600376 
 -3.504089  27.062699   3.504089   0.639462  -3.504089 -36.747503   3.504089  -8.899184  -3.504089  34.355226   3.504089 
 -3.405250  27.005360   3.405250   1.363379  -3.405250 -36.567274   3.405250  -9.647439  -3.405250  34.086737   3.405250 
 -3.303864  26.936549   3.303864   2.083143  -3.303864 -36.377717   3.303864 -10.389517  -3.303864  33.808382   3.303864 
 -3.199934  26.856252   3.199934   2.798240  -3.199934 -36.178760   3.199934 -11.125007  -3.199934  33.520080   3.199934 
 -3.093467  26.764451   3.093467   3.508171  -3.093467 -35.970333   3.093467 -11.853516  -3.093467  33.221755   3.093467 
 -2.984472  26.661122   2.984472   4.212450  -2.984472 -35.752362   2.984472 -12.574667  -2.984472  32.913326   2.984472 
 -2.872961  26.546243   2.872961   4.910602  -2.872961 -35.524774   2.872961 -13.288105  -2.872961  32.594715   2.872961 
 -2.758946  26.419785   2.758946   5.602169  -2.758946 -35.287492   2.758946 -13.993490  -2.758946  32.265844   2.758946 
 -2.642446  26.281717   2.642446   6.286710  -2.642446 -35.040441   2.642446 -14.690505  -2.642446  31.926635   2.642446 
 -2.523478  26.132006   2.523478   6.963799  -2.523478 -34.783544   2.523478 -15.378848  -2.523478  31.577013   2.523478 
 -2.402066  25.970615   2.402066   7.633028  -2.402066 -34.516725   2.402066 -16.058239  -2.402066  31.216904   2.402066 
 -2.278233  25.797506   2.278233   8.294006  -2.278233 -34.239906   2.278233 -16.728416  -2.278233  30.846235   2.278233 
 -2.152010  25.612636   2.152010   8.946361  -2.152010 -33.953011   2.152010 -17.389138  -2.152010  30.464936   2.152010 
 -2.023427  25.415963   2.023427   9.589742  -2.023427 -33.655963   2.023427 -18.040180  -2.023427  30.072940   2.023427 
 -1.892520  25.207440   1.892520  10.223814  -1.892520 -33.348689   1.892520 -18.681338  -1.892520  29.670185   1.892520 
 -1.759327  24.987020   1.759327  10.848263  -1.759327 -33.031115   1.759327 -19.312425  -1.759327  29.256611   1.759327 
 -1.623891  24.754652   1.623891  11.462793  -1.623891 -32.703168   1.623891 -19.933273  -1.623891  28.832162   1.623891 
 -1.486258  24.510287   1.486258  12.067128  -1.486258 -32.364780   1.486258 -20.543730  -1.486258  28.396789   1.486258 
 -1.346478  24.253872   1.346478  12.661011  -1.346478 -32.015883   1.346478 -21.143662  -1.346478  27.950447   1.346478 
 -1.204603  23.985354   1.204603  13.244203  -1.204603 -31.656413   1.204603 -21.732950  -1.204603  27.493098   1.204603 
 -1.060693  23.704680   1.060693  13.816485  -1.060693 -31.286311   1.060693 -22.311491  -1.060693  27.024711   1.060693 
 -0.914807  23.411795   0.914807  14.377653  -0.914807 -30.905520   0.914807 -22.879199  -0.914807  26.545261   0.914807 
 -0.767012  23.106646   0.767012  14.927525  -0.767012 -30.513989   0.767012 -23.435998  -0.767012  26.054733   0.767012 
 -0.617375  22.789180   0.617375  15.465931  -0.617375 -30.111670   0.617375 -23.981831  -0.617375  25.553118   0.617375 
 -0.465970  22.459344   0.465970  15.992722  -0.465970 -29.698525   0.465970 -24.516650  -0.465970  25.040420   0.465970 
 -0.312873  22.117086   0.312873  16.507761  -0.312873 -29.274517   0.312873 -25.040420  -0.312873  24.516650   0.312873 
 -0.158163  21.762356   0.158163  17.010930  -0.158163 -28.839620   0.158163 -25.553118  -0.158163  23.981831   0.158163 
 -0.001925  21.395109   0.001925  17.502123  -0.001925 -28.393815   0.001925 -26.054733  -0.001925  23.435998   0.001925 
  0.155756  21.015298  -0.155756  17.981248   0.155756 -27.937089  -0.155756 -26.545261   0.155756  22.879199  -0.155756 
  0.314790  20.622881  -0.314790  18.448226   0.314790 -27.469442  -0.314790 -27.024711   0.314790  22.311491  -0.314790 
  0.475084  20.217822  -0.475084  18.902993   0.475084 -26.990880  -0.475084 -27.493098   0.475084  21.732950  -0.475084 
  0.636542  19.800085  -0.636542  19.345493   0.636542 -26.501421  -0.636542 -27.950447   0.636542  21.143662  -0.636542 
  0.799068  19.369643  -0.799068  19.775683   0.799068 -26.001094  -0.799068 -28.396789   0.799068  20.543730  -0.799068 
  0.962560  18.926472  -0.962560  20.193530   0.962560 -25.489939  -0.962560 -28.832162   0.962560  19.933273  -0.962560 
  1.126918  18.470554  -1.126918  20.599010   1.126918 -24.968011  -1.126918 -29.256611   1.126918  19.312425  -1.126918 
  1.292037  18.001878  -1.292037  20.992108   1.292037 -24.435377  -1.292037 -29.670185   1.292037  18.681338  -1.292037 
  1.457813  17.520443  -1.457813  21.372818   1.457813 -23.892116  -1.457813 -30.072940   1.457813  18.040180  -1.457813 
  1.624139  17.026252  -1.624139  21.741139   1.624139 -23.338324  -1.624139 -30.464936   1.624139  17.389138  -1.624139 
  1.790910  16.519320  -1.790910  22.097079   1.790910 -22.774113  -1.790910 -30.846235   1.790910  16.728416  -1.790910 
  1.958018  15.999669  -1.958018  22.440651   1.958018 -22.199609  -1.958018 -31.216904   1.958018  16.058239  -1.958018 
  2.125356  15.467335  -2.125356  22.771874   2.125356 -21.614955  -2.125356 -31.577013   2.125356  15.378848  -2.125356 
  2.292818  14.922361  -2.292818  23.090771   2.292818 -21.020314  -2.292818 -31.926635   2.292818  14.690505  -2.292818 
  2.460297  14.364803  -2.460297  23.397369   2.460297 -20.415862  -2.460297 -32.265844   2.460297  13.993490  -2.460297 
  2.627689  13.794732  -2.627689  23.691701   2.627689 -19.801799  -2.627689 -38.144613   2.627689  13.288105  -2.627689 
  2.794891  13.212229  -2.794891  23.973800   2.794891 -19.178339  -2.794891 -38.215721   2.794891  12.574667  -2.794891 
  2.961800  12.617391  -2.961800  24.243703   2.961800 -18.545716  -2.961800 -38.278375   2.961800  11.853516  -2.961800 
  3.128316  12.010328  -3.128316  24.501450   3.128316 -17.904187  -3.128316 -38.332590   3.128316  11.125007  -3.128316 
  3.294341  11.391167  -3.294341  24.747081   3.294341 -17.254023  -3.294341 -38.378375   3.294341  10.389517  -3.294341 
  3.459781  10.760050  -3.459781  24.980639   3.459781 -16.595519  -3.459781 -38.415738   3.459781   9.647439  -3.459781 
  3.624543  10.117135  -3.624543  25.202166   3.624543 -15.928989  -3.624543 -38.444682   3.624543   8.899184  -3.624543 
  3.788538   9.462599  -3.788538  25.411706   3.788538 -15.254764  -3.788538 -38.465208   3.788538   8.145177  -3.788538 
  3.951679   8.796636  -3.951679  25.609302   3.951679 -14.573198  -3.951679 -38.477314   3.951679   7.385863  -3.951679 
  4.113883   8.119456  -4.113883  25.794998   4.113883 -13.884662  -4.113883 -38.480992   4.113883   6.621700  -4.113883 
  4.275073   7.431291  -4.275073  25.968835   4.275073 -13.189546  -4.275073 -38.476235   4.275073   5.853158  -4.275073 
  4.435171   6.732389  -4.435171  26.130855   4.435171 -12.488259  -4.435171 -38.463029   4.435171   5.080721  -4.435171 
  4.594108   6.023017  -4.594108  26.281099   4.594108 -11.781228  -4.594108 -38.441359   4.594108   4.304885  -4.594108 
  4.751816   5.303465  -4.751816  26.419606   4.751816 -11.068895  -4.751816 -38.411205   4.751816   3.526156  -4.751816 
  4.908230   4.574037  -4.908230  26.546413   4.908230 -10.351721  -4.908230 -38.372546   4.908230   2.745047  -4.908230 
  5.063293   3.835059  -5.063293  26.661556   5.063293  -9.630178  -5.063293 -38.325356   5.063293   1.962080  -5.063293 
  5.216949   3.086875  -5.216949  26.765067   5.216949  -8.904756  -5.216949 -38.269607   5.216949   1.177782  -5.216949 
  5.369147   2.329850  -5.369147  26.856979   5.369147  -8.175955  -5.369147 -38.205266   5.369147   0.392683  -5.369147 
  5.519840   1.564364  -5.519840  26.937319   5.519840  -7.444289  -5.519840 -38.132299   5.519840  -0.392683  -5.519840 
  5.668987   0.790816  -5.668987  27.006114   5.668987  -6.710279  -5.668987 -38.050669   5.668987  -1.177782  -5.668987 
  5.816548   0.009624  -5.816548  27.063386   5.816548  -5.974458  -5.816548 -37.960335   5.816548  -1.962080  -5.816548 
  5.962490  -0.778781  -5.962490  27.109157   5.962490  -5.237364  -5.962490 -37.861252   5.962490  -2.745047  -5.962490 
  6.106782  -1.573949  -6.106782  27.143444   6.106782  -4.499542  -6.106782 -37.753375   6.106782  -3.526156  -6.106782 
  6.249398  -2.375418  -6.249398  27.166260   6.249398  -3.761539  -6.249398 -37.636653   6.249398  -4.304885  -6.249398 
  6.390316  -3.182711  -6.390316  27.177619   6.390316  -3.023907  -6.390316 -37.511036   6.390316  -5.080721  -6.390316 
  6.529515  -3.995338  -6.529515  27.177526   6.529515  -2.287197  -6.529515 -37.376467   6.529515  -5.853158  -6.529515 
  6.666982  -4.812801  -6.666982  27.165988   6.666982  -1.551959  -6.666982 -37.232891   6.666982  -6.621700  -6.666982 
  6.802705  -5.634589  -6.802705  27.143006   6.802705  -0.818742  -6.802705 -37.080246   6.802705  -7.385863  -6.802705 
  6.936675  -6.460185  -6.936675  27.108578   6.936675  -0.088089  -6.936675 -36.918472   6.936675  -8.145177  -6.936675 
  7.068888  -7.289064  -7.068888  27.062699   7.068888   0.639462  -7.068888 -36.747503   7.068888  -8.899184  -7.068888 
  7.199340  -8.120696  -7.199340  27.005360   7.199340   1.363379  -7.199340 -36.567274   7.199340  -9.647439  -7.199340 
  7.328034  -8.954549  -7.328034  26.936549   7.328034   2.083143  -7.328034 -36.377717   7.328034 -10.389517  -7.328034 
  7.454973  -9.790088  -7.454973  26.856252   7.454973   2.798240  -7.454973 -36.178760   7.454973 -11.125007  -7.454973 
  7.580165 -10.626779  -7.580165  26.764451   7.580165   3.508171  -7.580165 -35.970333   7.580165 -11.853516  -7.580165 
  7.703617 -11.464088  -7.703617  26.661122   7.703617   4.212450  -7.703617 -35.752362   7.703617 -12.574667  -7.703617 
  7.825342 -12.301486  -7.825342  26.546243   7.825342   4.910602  -7.825342 -35.524774   7.825342 -13.288105  -7.825342 
  7.945353 -13.138447  -7.945353  26.419785   7.945353   5.602169  -7.945353 -35.287492   7.945353 -13.993490  -7.945353 
  8.063668 -13.974455  -8.063668  26.281717   8.063668   6.286710  -8.063668 -35.040441   8.063668 -14.690505  -8.063668 
  8.180304 -14.808998  -8.180304  26.132006   8.180304   6.963799  -8.180304 -34.783544   8.180304 -15.378848  -8.180304 
  8.295282 -15.641579  -8.295282  25.970615   8.295282   7.633028  -8.295282 -34.516725   8.295282 -16.058239  -8.295282 
  8.408623 -16.471706  -8.408623  25.797506   8.408623   8.294006  -8.408623 -34.239906   8.408623 -16.728416  -8.408623 
  8.520353 -17.298906  -8.520353  25.612636   8.520353   8.946361  -8.520353 -33.953011   8.520353 -17.389138  -8.520353 
  8.630496 -18.122716  -8.630496  25.415963   8.630496   9.589742  -8.630496 -33.655963   8.630496 -18.040180  -8.630496 
  8.739080 -18.942688  -8.739080  25.207440   8.739080  10.223814  -8.739080 -33.348689   8.739080 -18.681338  -8.739080 
  8.846134 -19.758393  -8.846134  24.987020   8.846134  10.848263  -8.846134 -33.031115   8.846134 -19.312425  -8.846134 
  8.951688 -20.569416  -8.951688  24.754652   8.951688  11.462793  -8.951688 -32.703168   8.951688 -19.933273  -8.951688 
  9.055774 -21.375363  -9.055774  24.510287   9.055774  12.067128  -9.055774 -32.364780   9.055774 -20.543730  -9.055774 
  9.158424 -22.175857  -9.158424  24.253872   9.158424  12.661011  -9.158424 -32.015883   9.158424 -21.143662  -9.158424 
  9.259674 -22.970541  -9.259674  23.985354   9.259674  13.244203  -9.259674 -31.656413   9.259674 -21.732950  -9.259674 
  9.359558 -23.759078  -9.359558  23.704680   9.359558  13.816485  -9.359558 -31.286311   9.359558 -22.311491  -9.359558 
  9.458114 -24.541151  -9.458114  23.411795   9.458114  14.377653  -9.458114 -30.905520   9.458114 -22.879199  -9.458114 
  9.555378 -25.316464  -9.555378  23.106646   9.555378  14.927525  -9.555378 -30.513989   9.555378 -23.435998  -9.555378 
  9.651391 -26.084743  -9.651391  22.789180   9.651391  15.465931  -9.651391 -30.111670   9.651391 -23.981831  -9.651391 
  9.746192 -26.845733  -9.746192  22.459344   9.746192  15.992722  -9.746192 -29.698525   9.746192 -24.516650  -9.746192 
  9.839823 -27.599201  -9.839823  22.117086   9.839823  16.507761  -9.839823 -29.274517   9.839823 -25.040420  -9.839823 
  9.932326 -28.344934  -9.932326  21.762356   9.932326  17.010930  -9.932326 -28.839620   9.932326 -25.553118  -9.932326 
 10.023745 -29.082741 -10.023745  21.395109  10.023745  17.502123 -10.023745 -28.393815  10.023745 -26.054733 -10.023745 
 10.114124 -29.812451 -10.114124  21.015298  10.114124  17.981248 -10.114124 -27.937089  10.114124 -26.545261 -10.114124 
 10.203510 -30.533911 -10.203510  20.622881  10.203510  18.448226 -10.203510 -27.469442  10.203510 -27.024711 -10.203510 
 10.291949 -31.246991 -10.291949  20.217822  10.291949  18.902993 -10.291949 -26.990880  10.291949 -27.493098 -10.291949 
 10.379491 -31.951578 -10.379491  19.800085  10.379491  19.345493 -10.379491 -26.501421  10.379491 -27.950447 -10.379491 
 10.466186 -32.647576 -10.466186  19.369643  10.466186  19.775683 -10.466186 -26.001094  10.466186 -28.396789 -10.466186 
 10.552086 -33.334912 -10.552086  18.926472  10.552086  20.193530 -10.552086 -25.489939  10.552086 -28.832162 -10.552086 
 10.637243 -34.013526 -10.637243  18.470554  10.637243  20.599010 -10.637243 -24.968011  10.637243 -29.256611 -10.637243 
 10.721712 -34.683376 -10.721712  18.001878  10.721712  20.992108 -10.721712 -24.435377  10.721712 -29.670185 -10.721712 
 10.805551 -35.344438 -10.805551  17.520443  10.805551  21.372818 -10.805551 -23.892116  10.805551 -30.072940 -10.805551 
 10.888817 -35.996701 -10.888817  17.026252  10.888817  21.741139 -10.888817 -23.338324  10.888817 -30.464936 -10.888817 
 10.971573 -36.640171 -10.971573  16.519320  10.971573  22.097079 -10.971573 -22.774113  10.971573 -30.846235 -10.971573 
 11.053882 -37.274867 -11.053882  15.999669  11.053882  22.440651 -11.053882 -22.199609  11.053882 -31.216904 -11.053882 
 11.135809 -37.900823 -11.135809  15.467335  11.135809  22.771874 -11.135809 -21.614955  11.135809 -31.577013 -11.135809 
 11.217424 -38.518084 -11.217424  14.922361  11.217424  23.090771 -11.217424 -21.020314  11.217424 -31.926635 -11.217424 
 11.298800 -39.126708 -11.298800  14.364803  11.298800  23.397369 -11.298800 -20.415862  11.298800 -32.265844 -11.298800 
 11.380010 -39.726766 -11.380010  13.794732  11.380010  23.691701 -11.380010 -19.801799  11.380010 -38.144613 -11.380010 
 11.461136 -40.318339 -11.461136  13.212229  11.461136  23.973800 -11.461136 -19.178339  11.461136 -38.215721 -11.461136 
 11.542261 -40.901519 -11.542261  12.617391  11.542261  24.243703 -11.542261 -18.545716  11.542261 -38.278375 -11.542261 
 11.623473 -41.476408 -11.623473  12.010328  11.623473  24.501450 -11.623473 -17.904187  11.623473 -38.332590 -11.623473 
 11.704868 -42.043116 -11.704868  11.391167  11.704868  24.747081 -11.704868 -17.254023  11.704868 -38.378375 -11.704868 
 11.786544 -42.601764 -11.786544  10.760050  11.786544  24.980639 -11.786544 -16.595519  11.786544 -38.415738 -11.786544 
 11.868610 -43.152480 -11.868610  10.117135  11.868610  25.202166 -11.868610 -15.928989  11.868610 -38.444682 -11.868610 
 11.951178 -43.695400 -11.951178   9.462599  11.951178  25.411706 -11.951178 -15.254764  11.951178 -38.465208 -11.951178 
 12.034373 -44.230670 -12.034373   8.796636  12.034373  25.609302 -12.034373 -14.573198  12.034373 -38.477314 -12.034373 
 12.118328 -44.758440 -12.118328   8.119456  12.118328  25.794998 -12.118328 -13.884662  12.118328 -38.480992 -12.118328 
 12.203184 -45.278869 -12.203184   7.431291  12.203184  25.968835 -12.203184 -13.189546  12.203184 -38.476235 -12.203184 
 12.289101 -45.792122 -12.289101   6.732389  12.289101  26.130855 -12.289101 -12.488259  12.289101 -38.463029 -12.289101 
 12.376247 -46.298371 -12.376247   6.023017  12.376247  26.281099 -12.376247 -11.781228  12.376247 -38.441359 -12.376247 
 12.464810 -46.797792 -12.464810   5.303465  12.464810  26.419606 -12.464810 -11.068895  12.464810 -38.411205 -12.464810 
 12.554998 -47.290569 -12.554998   4.574037  12.554998  26.546413 -12.554998 -10.351721  12.554998 -38.372546 -12.554998 
 12.647040 -47.776892 -12.647040   3.835059  12.647040  26.661556 -12.647040  -9.630178  12.647040 -38.325356 -12.647040 
 12.741190 -48.256956 -12.741190   3.086875  12.741190  26.765067 -12.741190  -8.904756  12.741190 -38.269607 -12.741190 
 12.837735 -48.730962 -12.837735   2.329850  12.837735  26.856979 -12.837735  -8.175955  12.837735 -38.205266 -12.837735 
 12.936999 -49.199116 -12.936999   1.564364  12.936999  26.937319 -12.936999  -7.444289  12.936999 -38.132299 -12.936999 
 13.039348 -49.661630 -13.039348   0.790816  13.039348  27.006114 -13.039348  -6.710279  13.039348 -38.050669 -13.039348 
 13.145203 -50.118723 -13.145203   0.009624  13.145203  27.063386 -13.145203  -5.974458  13.145203 -37.960335 -13.145203 
 13.255050 -50.570619 -13.255050  -0.778781  13.255050  27.109157 -13.255050  -5.237364  13.255050 -37.861252 -13.255050 
 13.369454 -51.017548 -13.369454  -1.573949  13.369454  27.143444 -13.369454  -4.499542  13.369454 -37.753375 -13.369454 
 13.489081 -51.459746 -13.489081  -2.375418  13.489081  27.166260 -13.489081  -3.761539  13.489081 -37.636653 -13.489081 
 13.614724 -51.897457 -13.614724  -3.182711  13.614724  27.177619 -13.614724  -3.023907  13.614724 -37.511036 -13.614724 
 13.747342 -52.330932 -13.747342  -3.995338  13.747342  27.177526 -13.747342  -2.287197  13.747342 -37.376467 -13.747342 
 13.888109 -52.760429 -13.888109  -4.812801  13.888109  27.165988 -13.888109  -1.551959  13.888109 -37.232891 -13.888109 
 14.038491 -53.186213 -14.038491  -5.634589  14.038491  27.143006 -14.038491  -0.818742  14.038491 -37.080246 -14.038491 
 14.200359 -53.608560 -14.200359  -6.460185  14.200359  27.108578 -14.200359  -0.088089  14.200359 -36.918472 -14.200359 
 14.376162 -54.027753 -14.376162  -7.289064  14.376162  27.062699 -14.376162   0.639462  14.376162 -36.747503 -14.376162 
 14.569213 -54.444087 -14.569213  -8.120696  14.569213  27.005360 -14.569213   1.363379  14.569213 -36.567274 -14.569213 
 14.784182 -54.857867 -14.784182  -8.954549  14.784182  26.936549 -14.784182   2.083143  14.784182 -36.377717 -14.784182 
 15.028034 -55.269410 -15.028034  -9.790088  15.028034  26.856252 -15.028034   2.798240  15.028034 -36.178760 -15.028034 
 15.311995 -55.679047 -15.311995 -10.626779  15.311995  26.764451 -15.311995   3.508171  15.311995 -35.970333 -15.311995 
 15.656516 -56.087122 -15.656516 -11.464088  15.656516  26.661122 -15.656516   4.212450  15.656516 -35.752362 -15.656516 
 16.108287 -56.493998 -16.108287 -12.301486  16.108287  26.546243 -16.108287   4.910602  16.108287 -35.524774 -16.108287 
  7.628923 -56.900051  -7.628923 -13.138447   7.628923  26.419785  -7.628923   5.602169   7.628923 -35.287492  -7.628923 
  7.627227 -57.305679  -7.627227 -13.974455   7.627227  26.281717  -7.627227   6.286710   7.627227 -35.040441  -7.627227 
  7.623835 -57.711303  -7.623835 -14.808998   7.623835  26.132006  -7.623835   6.963799   7.623835 -34.783544  -7.623835 
  7.618745 -58.117367  -7.618745 -15.641579   7.618745  25.970615  -7.618745   7.633028   7.618745 -34.516725  -7.618745 
  7.611955 -58.524339  -7.611955 -16.471706   7.611955  25.797506  -7.611955   8.294006   7.611955 -34.239906  -7.611955 
  7.603463 -58.932722  -7.603463 -17.298906   7.603463  25.612636  -7.603463   8.946361   7.603463 -33.953011  -7.603463 
  7.593265 -59.343049  -7.593265 -18.122716   7.593265  25.415963  -7.593265   9.589742   7.593265 -33.655963  -7.593265 
  7.581358 -59.755892  -7.581358 -18.942688   7.581358  25.207440  -7.581358  10.223814   7.581358 -33.348689  -7.581358 
  7.567736 -60.171867  -7.567736 -19.758393   7.567736  24.987020  -7.567736  10.848263   7.567736 -33.031115  -7.567736 
  7.552395 -60.591638  -7.552395 -20.569416   7.552395  24.754652  -7.552395  11.462793   7.552395 -32.703168  -7.552395 
  7.535328 -61.015922  -7.535328 -21.375363   7.535328  24.510287  -7.535328  12.067128   7.535328 -32.364780  -7.535328 
  7.516529 -61.445503  -7.516529 -22.175857   7.516529  24.253872  -7.516529  12.661011   7.516529 -32.015883  -7.516529 
  7.495991 -61.881234  -7.495991 -22.970541   7.495991  23.985354  -7.495991  13.244203   7.495991 -31.656413  -7.495991 
  7.473707 -62.324052  -7.473707 -23.759078   7.473707  23.704680  -7.473707  13.816485   7.473707 -31.286311  -7.473707 
  7.449666 -62.774991  -7.449666 -24.541151   7.449666  23.411795  -7.449666  14.377653   7.449666 -30.905520  -7.449666 
  7.423862 -63.235198  -7.423862 -25.316464   7.423862  23.106646  -7.423862  14.927525   7.423862 -30.513989  -7.423862 
  7.396284 -63.705948  -7.396284 -26.084743   7.396284  22.789180  -7.396284  15.465931   7.396284 -30.111670  -7.396284 
  7.366921 -64.188674  -7.366921 -26.845733   7.366921  22.459344  -7.366921  15.992722   7.366921 -29.698525  -7.366921 
  7.335764 -64.684993  -7.335764 -27.599201   7.335764  22.117086  -7.335764  16.507761   7.335764 -29.274517  -7.335764 
  7.302802 -65.196739  -7.302802 -28.344934   7.302802  21.762356  -7.302802  17.010930   7.302802 -28.839620  -7.302802 
  7.268021 -65.726015  -7.268021 -29.082741   7.268021  21.395109  -7.268021  17.502123   7.268021 -28.393815  -7.268021 
  7.231411 -66.275249  -7.231411 -29.812451   7.231411  21.015298  -7.231411  17.981248   7.231411 -27.937089  -7.231411 
  7.192958 -66.847268  -7.192958 -30.533911   7.192958  20.622881  -7.192958  18.448226   7.192958 -27.469442  -7.192958 
  7.152650 -67.445403  -7.152650 -31.246991   7.152650  20.217822  -7.152650  18.902993   7.152650 -26.990880  -7.152650 
  7.110472 -68.073620  -7.110472 -31.951578   7.110472  19.800085  -7.110472  19.345493   7.110472 -26.501421  -7.110472 
  7.066412 -68.736710  -7.066412 -32.647576   7.066412  19.369643  -7.066412  19.775683   7.066412 -26.001094  -7.066412 
  7.020453 -69.440545  -7.020453 -33.334912   7.020453  18.926472  -7.020453  20.193530   7.020453 -25.489939  -7.020453 
  6.972583 -70.192456  -6.972583 -34.013526   6.972583  18.470554  -6.972583  20.599010   6.972583 -24.968011  -6.972583 
  6.922785 -71.001796  -6.922785 -34.683376   6.922785  18.001878  -6.922785  20.992108   6.922785 -24.435377  -6.922785 
  6.871045 -71.880810  -6.871045 -35.344438   6.871045  17.520443  -6.871045  21.372818   6.871045 -23.892116  -6.871045 
  6.817347 -72.846063  -6.817347 -35.996701   6.817347  17.026252  -6.817347  21.741139   6.817347 -23.338324  -6.817347 
  6.761676 -73.920911  -6.761676 -36.640171   6.761676  16.519320  -6.761676  22.097079   6.761676 -22.774113  -6.761676 
  6.704016 -75.140168  -6.704016 -37.274867   6.704016  15.999669  -6.704016  22.440651   6.704016 -22.199609  -6.704016 
  6.644351 -76.559974  -6.644351 -37.900823   6.644351  15.467335  -6.644351  22.771874   6.644351 -21.614955  -6.644351 
  6.582665 -78.282578  -6.582665 -38.518084   6.582665  14.922361  -6.582665  23.090771   6.582665 -21.020314  -6.582665 
  6.518943 -80.541433  -6.518943 -39.126708   6.518943  14.364803  -6.518943  23.397369   6.518943 -20.415862  -6.518943 
  6.453169 -38.144613  -6.453169 -39.726766   6.453169  13.794732  -6.453169  23.691701   6.453169 -19.801799  -6.453169 
  6.385327 -38.136134  -6.385327 -40.318339   6.385327  13.212229  -6.385327  23.973800   6.385327 -19.178339  -6.385327 
  6.315403 -38.119173  -6.315403 -40.901519   6.315403  12.617391  -6.315403  24.243703   6.315403 -18.545716  -6.315403 
  6.243381 -38.093724  -6.243381 -41.476408   6.243381  12.010328  -6.243381  24.501450   6.243381 -17.904187  -6.243381 
  6.169247 -38.059776  -6.169247 -42.043116   6.169247  11.391167  -6.169247  24.747081   6.169247 -17.254023  -6.169247 
  6.092987 -38.017315  -6.092987 -42.601764   6.092987  10.760050  -6.092987  24.980639   6.092987 -16.595519  -6.092987 
  6.014588 -37.966327  -6.014588 -43.152480   6.014588  10.117135  -6.014588  25.202166   6.014588 -15.928989  -6.014588 
  5.934037 -37.906789  -5.934037 -43.695400   5.934037   9.462599  -5.934037  25.411706   5.934037 -15.254764  -5.934037 
  5.851322 -37.838681  -5.851322 -44.230670   5.851322   8.796636  -5.851322  25.609302   5.851322 -14.573198  -5.851322 
  5.766432 -37.761974  -5.766432 -44.758440   5.766432   8.119456  -5.766432  25.794998   5.766432 -13.884662  -5.766432 
  5.679358 -37.676641  -5.679358 -45.278869   5.679358   7.431291  -5.679358  25.968835   5.679358 -13.189546  -5.679358 
  5.590089 -37.582647  -5.590089 -45.792122   5.590089   6.732389  -5.590089  26.130855   5.590089 -12.488259  -5.590089 
  5.498620 -37.479957  -5.498620 -46.298371   5.498620   6.023017  -5.498620  26.281099   5.498620 -11.781228  -5.498620 
  5.404942 -37.368533  -5.404942 -46.797792   5.404942   5.303465  -5.404942  26.419606   5.404942 -11.068895  -5.404942 
  5.309052 -37.248332  -5.309052 -47.290569   5.309052   4.574037  -5.309052  26.546413   5.309052 -10.351721  -5.309052 
  5.210947 -37.119310  -5.210947 -47.776892   5.210947   3.835059  -5.210947  26.661556   5.210947  -9.630178  -5.210947 
  5.110624 -36.981418  -5.110624 -48.256956   5.110624   3.086875  -5.110624  26.765067   5.110624  -8.904756  -5.110624 
  5.008084 -36.834607  -5.008084 -48.730962   5.008084   2.329850  -5.008084  26.856979   5.008084  -8.175955  -5.008084 
  4.903330 -36.678822  -4.903330 -49.199116   4.903330   1.564364  -4.903330  26.937319   4.903330  -7.444289  -4.903330 
  4.796366 -36.514008  -4.796366 -49.661630   4.796366   0.790816  -4.796366  27.006114   4.796366  -6.710279  -4.796366 
  4.687200 -36.340106  -4.687200 -50.118723   4.687200   0.009624  -4.687200  27.063386   4.687200  -5.974458  -4.687200 
  4.575840 -36.157055  -4.575840 -50.570619   4.575840  -0.778781  -4.575840  27.109157   4.575840  -5.237364  -4.575840 
  4.462298 -35.964792  -4.462298 -51.017548   4.462298  -1.573949  -4.462298  27.143444   4.462298  -4.499542  -4.462298 
  4.346590 -35.763250  -4.346590 -51.459746   4.346590  -2.375418  -4.346590  27.166260   4.346590  -3.761539  -4.346590 
  4.228732 -35.552362  -4.228732 -51.897457   4.228732  -3.182711  -4.228732  27.177619   4.228732  -3.023907  -4.228732 
  4.108746 -35.332058  -4.108746 -52.330932   4.108746  -3.995338  -4.108746  27.177526   4.108746  -2.287197  -4.108746 
  3.986655 -35.102267  -3.986655 -52.760429   3.986655  -4.812801  -3.986655  27.165988   3.986655  -1.551959  -3.986655 
  3.862485 -34.862915  -3.862485 -53.186213   3.862485  -5.634589  -3.862485  27.143006   3.862485  -0.818742  -3.862485 
  3.736268 -34.613926  -3.736268 -53.608560   3.736268  -6.460185  -3.736268  27.108578   3.736268  -0.088089  -3.736268 
  3.608036 -34.355226  -3.608036 -54.027753   3.608036  -7.289064  -3.608036  27.062699   3.608036   0.639462  -3.608036 
  3.477828 -34.086737  -3.477828 -54.444087   3.477828  -8.120696  -3.477828  27.005360   3.477828   1.363379  -3.477828 
  3.345683 -33.808382  -3.345683 -54.857867   3.345683  -8.954549  -3.345683  26.936549   3.345683   2.083143  -3.345683 
  3.211648 -33.520080  -3.211648 -55.269410   3.211648  -9.790088  -3.211648  26.856252   3.211648   2.798240  -3.211648 
  3.075770 -33.221755  -3.075770 -55.679047   3.075770 -10.626779  -3.075770  26.764451   3.075770   3.508171  -3.075770 
  2.938101 -32.913326  -2.938101 -56.087122   2.938101 -11.464088  -2.938101  26.661122   2.938101   4.212450  -2.938101 
  2.798698 -32.594715  -2.798698 -56.493998   2.798698 -12.301486  -2.798698  26.546243   2.798698   4.910602  -2.798698 
  2.657621 -32.265844  -2.657621 -56.900051   2.657621 -13.138447  -2.657621  26.419785   2.657621   5.602169  -2.657621 
  2.514933 -31.926635  -2.514933 -57.305679   2.514933 -13.974455  -2.514933  26.281717   2.514933   6.286710  -2.514933 
  2.370703 -31.577013  -2.370703 -57.711303   2.370703 -14.808998  -2.370703  26.132006   2.370703   6.963799  -2.370703 
  2.225001 -31.216904  -2.225001 -58.117367   2.225001 -15.641579  -2.225001  25.970615   2.225001   7.633028  -2.225001 
  2.077903 -30.846235  -2.077903 -58.524339   2.077903 -16.471706  -2.077903  25.797506   2.077903   8.294006  -2.077903 
  1.929488 -30.464936  -1.929488 -58.932722   1.929488 -17.298906  -1.929488  25.612636   1.929488   8.946361  -1.929488 
  1.779837 -30.072940  -1.779837 -59.343049   1.779837 -18.122716  -1.779837  25.415963   1.779837   9.589742  -1.779837 
  1.629035 -29.670185  -1.629035 -59.755892   1.629035 -18.942688  -1.629035  25.207440   1.629035  10.223814  -1.629035 
  1.477173 -29.256611  -1.477173 -60.171867   1.477173 -19.758393  -1.477173  24.987020   1.477173  10.848263  -1.477173 
  1.324340 -28.832162  -1.324340 -60.591638   1.324340 -20.569416  -1.324340  24.754652   1.324340  11.462793  -1.324340 
  1.170632 -28.396789  -1.170632 -61.015922   1.170632 -21.375363  -1.170632  24.510287   1.170632  12.067128  -1.170632 
  1.016144 -27.950447  -1.016144 -61.445503   1.016144 -22.175857  -1.016144  24.253872   1.016144  12.661011  -1.016144 
  0.860977 -27.493098  -0.860977 -61.881234   0.860977 -22.970541  -0.860977  23.985354   0.860977  13.244203  -0.860977 
  0.705231 -27.024711  -0.705231 -62.324052   0.705231 -23.759078  -0.705231  23.704680   0.705231  13.816485  -0.705231 
  0.549009 -26.545261  -0.549009 -62.774991   0.549009 -24.541151  -0.549009  23.411795   0.549009  14.377653  -0.549009 
  0.392416 -26.054733  -0.392416 -63.235198   0.392416 -25.316464  -0.392416  23.106646   0.392416  14.927525  -0.392416 
  0.235556 -25.553118  -0.235556 -63.705948   0.235556 -26.084743  -0.235556  22.789180   0.235556  15.465931  -0.235556 
  0.078537 -25.040420  -0.078537 -64.188674   0.078537 -26.845733  -0.078537  22.459344   0.078537  15.992722  -0.078537 
 -0.078537 -24.516650   0.078537 -64.684993  -0.078537 -27.599201   0.078537  22.117086  -0.078537  16.507761   0.078537 
 -0.235556 -23.981831   0.235556 -65.196739  -0.235556 -28.344934   0.235556  21.762356  -0.235556  17.010930   0.235556 
 -0.392416 -23.435998   0.392416 -65.726015  -0.392416 -29.082741   0.392416  21.395109  -0.392416  17.502123   0.392416 
 -0.549009 -22.879199   0.549009 -66.275249  -0.549009 -29.812451   0.549009  21.015298  -0.549009  17.981248   0.549009 
 -0.705231 -22.311491   0.705231 -66.847268  -0.705231 -30.533911   0.705231  20.622881  -0.705231  18.448226   0.705231 
 -0.860977 -21.732950   0.860977 -67.445403  -0.860977 -31.246991   0.860977  20.217822  -0.860977  18.902993   0.860977 
 -1.016144 -21.143662   1.016144 -68.073620  -1.016144 -31.951578   1.016144  19.800085  -1.016144  19.345493   1.016144 
 -1.170632 -20.543730   1.170632 -68.736710  -1.170632 -32.647576   1.170632  19.369643  -1.170632  19.775683   1.170632 
 -1.324340 -19.933273   1.324340 -69.440545  -1.324340 -33.334912   1.324340  18.926472  -1.324340  20.193530   1.324340 
 -1.477173 -19.312425   1.477173 -70.192456  -1.477173 -34.013526   1.477173  18.470554  -1.477173  20.599010   1.477173 
 -1.629035 -18.681338   1.629035 -71.001796  -1.629035 -34.683376   1.629035  18.001878  -1.629035  20.992108   1.629035 
 -1.779837 -18.040180   1.779837 -71.880810  -1.779837 -35.344438   1.779837  17.520443  -1.779837  21.372818   1.779837 
 -1.929488 -17.389138   1.929488 -72.846063  -1.929488 -35.996701   1.929488  17.026252  -1.929488  21.741139   1.929488 
 -2.077903 -16.728416   2.077903 -73.920911  -2.077903 -36.640171   2.077903  16.519320  -2.077903  22.097079   2.077903 
 -2.225001 -16.058239   2.225001 -75.140168  -2.225001 -37.274867   2.225001  15.999669  -2.225001  22.440651   2.225001 
 -2.370703 -15.378848   2.370703 -76.559974  -2.370703 -37.900823   2.370703  15.467335  -2.370703  22.771874   2.370703 
 -2.514933 -14.690505   2.514933 -78.282578  -2.514933 -38.518084   2.514933  14.922361  -2.514933  23.090771   2.514933 
 -2.657621 -13.993490   2.657621 -80.541433  -2.657621 -39.126708   2.657621  14.364803  -2.657621  23.397369   2.657621 
 -2.798698 -13.288105   2.798698 -38.144613  -2.798698 -39.726766   2.798698  13.794732  -2.798698  23.691701   2.798698 
 -2.938101 -12.574667   2.938101 -38.136134  -2.938101 -40.318339   2.938101  13.212229  -2.938101  23.973800   2.938101 
 -3.075770 -11.853516   3.075770 -38.119173  -3.075770 -40.901519   3.075770  12.617391  -3.075770  24.243703   3.075770 
 -3.211648 -11.125007   3.211648 -38.093724  -3.211648 -41.476408   3.211648  12.010328  -3.211648  24.501450   3.211648 
 -3.345683 -10.389517   3.345683 -38.059776  -3.345683 -42.043116   3.345683  11.391167  -3.345683  24.747081   3.345683 
 -3.477828  -9.647439   3.477828 -38.017315  -3.477828 -42.601764   3.477828  10.760050  -3.477828  24.980639   3.477828 
 -3.608036  -8.899184   3.608036 -37.966327  -3.608036 -43.152480   3.608036  10.117135  -3.608036  25.202166   3.608036 
 -3.736268  -8.145177   3.736268 -37.906789  -3.736268 -43.695400   3.736268   9.462599  -3.736268  25.411706   3.736268 
 -3.862485  -7.385863   3.862485 -37.838681  -3.862485 -44.230670   3.862485   8.796636  -3.862485  25.609302   3.862485 
 -3.986655  -6.621700   3.986655 -37.761974  -3.986655 -44.758440   3.986655   8.119456  -3.986655  25.794998   3.986655 
 -4.108746  -5.853158   4.108746 -37.676641  -4.108746 -45.278869   4.108746   7.431291  -4.108746  25.968835   4.108746 
 -4.228732  -5.080721   4.228732 -37.582647  -4.228732 -45.792122   4.228732   6.732389  -4.228732  26.130855   4.228732 
 -4.346590  -4.304885   4.346590 -37.479957  -4.346590 -46.298371   4.346590   6.023017  -4.346590  26.281099   4.346590 
 -4.462298  -3.526156   4.462298 -37.368533  -4.462298 -46.797792   4.462298   5.303465  -4.462298  26.419606   4.462298 
 -4.575840  -2.745047   4.575840 -37.248332  -4.575840 -47.290569   4.575840   4.574037  -4.575840  26.546413   4.575840 
 -4.687200  -1.962080   4.687200 -37.119310  -4.687200 -47.776892   4.687200   3.835059  -4.687200  26.661556   4.687200 
 -4.796366  -1.177782   4.796366 -36.981418  -4.796366 -48.256956   4.796366   3.086875  -4.796366  26.765067   4.796366 
 -4.903330  -0.392683   4.903330 -36.834607  -4.903330 -48.730962   4.903330   2.329850  -4.903330  26.856979   4.903330 
 -5.008084   0.392683   5.008084 -36.678822  -5.008084 -49.199116   5.008084   1.564364  -5.008084  26.937319   5.008084 
 -5.110624   1.177782   5.110624 -36.514008  -5.110624 -49.661630   5.110624   0.790816  -5.110624  27.006114   5.110624 
 -5.210947   1.962080   5.210947 -36.340106  -5.210947 -50.118723   5.210947   0.009624  -5.210947  27.063386   5.210947 
 -5.309052   2.745047   5.309052 -36.157055  -5.309052 -50.570619   5.309052  -0.778781  -5.309052  27.109157   5.309052 
 -5.404942   3.526156   5.404942 -35.964792  -5.404942 -51.017548   5.404942  -1.573949  -5.404942  27.143444   5.404942 
 -5.498620   4.304885   5.498620 -35.763250  -5.498620 -51.459746   5.498620  -2.375418  -5.498620  27.166260   5.498620 
 -5.590089   5.080721   5.590089 -35.552362  -5.590089 -51.897457   5.590089  -3.182711  -5.590089  27.177619   5.590089 
 -5.679358   5.853158   5.679358 -35.332058  -5.679358 -52.330932   5.679358  -3.995338  -5.679358  27.177526   5.679358 
 -5.766432   6.621700   5.766432 -35.102267  -5.766432 -52.760429   5.766432  -4.812801  -5.766432  27.165988   5.766432 
 -5.851322   7.385863   5.851322 -34.862915  -5.851322 -53.186213   5.851322  -5.634589  -5.851322  27.143006   5.851322 
 -5.934037   8.145177   5.934037 -34.613926  -5.934037 -53.608560   5.934037  -6.460185  -5.934037  27.108578   5.934037 
 -6.014588   8.899184   6.014588 -34.355226  -6.014588 -54.027753   6.014588  -7.289064  -6.014588  27.062699   6.014588 
 -6.092987   9.647439   6.092987 -34.086737  -6.092987 -54.444087   6.092987  -8.120696  -6.092987  27.005360   6.092987 
 -6.169247  10.389517   6.169247 -33.808382  -6.169247 -54.857867   6.169247  -8.954549  -6.169247  26.936549   6.169247 
 -6.243381  11.125007   6.243381 -33.520080  -6.243381 -55.269410   6.243381  -9.790088  -6.243381  26.856252   6.243381 
 -6.315403  11.853516   6.315403 -33.221755  -6.315403 -55.679047   6.315403 -10.626779  -6.315403  26.764451   6.315403 
 -6.385327  12.574667   6.385327 -32.913326  -6.385327 -56.087122   6.385327 -11.464088  -6.385327  26.661122   6.385327 
 -6.453169  13.288105   6.453169 -32.594715  -6.453169 -56.493998   6.453169 -12.301486  -6.453169  26.546243   6.453169 
 -6.518943  13.993490   6.518943 -32.265844  -6.518943 -56.900051   6.518943 -13.138447  -6.518943  26.419785   6.518943 
 -6.582665  14.690505   6.582665 -31.926635  -6.582665 -57.305679   6.582665 -13.974455  -6.582665  26.281717   6.582665 
 -6.644351  15.378848   6.644351 -31.577013  -6.644351 -57.711303   6.644351 -14.808998  -6.644351  26.132006   6.644351 
 -6.704016  16.058239   6.704016 -31.216904  -6.704016 -58.117367   6.704016 -15.641579  -6.704016  25.970615   6.704016 
 -6.761676  16.728416   6.761676 -30.846235  -6.761676 -58.524339   6.761676 -16.471706  -6.761676  25.797506   6.761676 
 -6.817347  17.389138   6.817347 -30.464936  -6.817347 -58.932722   6.817347 -17.298906  -6.817347  25.612636   6.817347 
 -6.871045  18.040180   6.871045 -30.072940  -6.871045 -59.343049   6.871045 -18.122716  -6.871045  25.415963   6.871045 
 -6.922785  18.681338   6.922785 -29.670185  -6.922785 -59.755892   6.922785 -18.942688  -6.922785  25.207440   6.922785 
 -6.972583  19.312425   6.972583 -29.256611  -6.972583 -60.171867   6.972583 -19.758393  -6.972583  24.987020   6.972583 
 -7.020453  19.933273   7.020453 -28.832162  -7.020453 -60.591638   7.020453 -20.569416  -7.020453  24.754652   7.020453 
 -7.066412  20.543730   7.066412 -28.396789  -7.066412 -61.015922   7.066412 -21.375363  -7.066412  24.510287   7.066412 
 -7.110472  21.143662   7.110472 -27.950447  -7.110472 -61.445503   7.110472 -22.175857  -7.110472  24.253872   7.110472 
 -7.152650  21.732950   7.152650 -27.493098  -7.152650 -61.881234   7.152650 -22.970541  -7.152650  23.985354   7.152650 
 -7.192958  22.311491   7.192958 -27.024711  -7.192958 -62.324052   7.192958 -23.759078  -7.192958  23.704680   7.192958 
 -7.231411  22.879199   7.231411 -26.545261  -7.231411 -62.774991   7.231411 -24.541151  -7.231411  23.411795   7.231411 
 -7.268021  23.435998   7.268021 -26.054733  -7.268021 -63.235198   7.268021 -25.316464  -7.268021  23.106646   7.268021 
 -7.302802  23.981831   7.302802 -25.553118  -7.302802 -63.705948   7.302802 -26.084743  -7.302802  22.789180   7.302802 
 -7.335764  24.516650   7.335764 -25.040420  -7.335764 -64.188674   7.335764 -26.845733  -7.335764  22.459344   7.335764 
 -7.366921  25.040420   7.366921 -24.516650  -7.366921 -64.684993   7.366921 -27.599201  -7.366921  22.117086   7.366921 
 -7.396284  25.553118   7.396284 -23.981831  -7.396284 -65.196739   7.396284 -28.344934  -7.396284  21.762356   7.396284 
 -7.423862  26.054733   7.423862 -23.435998  -7.423862 -65.726015   7.423862 -29.082741  -7.423862  21.395109   7.423862 
 -7.449666  26.545261   7.449666 -22.879199  -7.449666 -66.275249   7.449666 -29.812451  -7.449666  21.015298   7.449666 
 -7.473707  27.024711   7.473707 -22.311491  -7.473707 -66.847268   7.473707 -30.533911  -7.473707  20.622881   7.473707 
 -7.495991  27.493098   7.495991 -21.732950  -7.495991 -67.445403   7.495991 -31.246991  -7.495991  20.217822   7.495991 
 -7.516529  27.950447   7.516529 -21.143662  -7.516529 -68.073620   7.516529 -31.951578  -7.516529  19.800085   7.516529 
 -7.535328  28.396789   7.535328 -20.543730  -7.535328 -68.736710   7.535328 -32.647576  -7.535328  19.369643   7.535328 
 -7.552395  28.832162   7.552395 -19.933273  -7.552395 -69.440545   7.552395 -33.334912  -7.552395  18.926472   7.552395 
 -7.567736  29.256611   7.567736 -19.312425  -7.567736 -70.192456   7.567736 -34.013526  -7.567736  18.470554   7.567736 
 -7.581358  29.670185   7.581358 -18.681338  -7.581358 -71.001796   7.581358 -34.683376  -7.581358  18.001878   7.581358 
 -7.593265  30.072940   7.593265 -18.040180  -7.593265 -71.880810   7.593265 -35.344438  -7.593265  17.520443   7.593265 
 -7.603463  30.464936   7.603463 -17.389138  -7.603463 -72.846063   7.603463 -35.996701  -7.603463  17.026252   7.603463 
 -7.611955  30.846235   7.611955 -16.728416  -7.611955 -73.920911   7.611955 -36.640171  -7.611955  16.519320   7.611955 
 -7.618745  31.216904   7.618745 -16.058239  -7.618745 -75.140168   7.618745 -37.274867  -7.618745  15.999669   7.618745 
 -7.623835  31.577013   7.623835 -15.378848  -7.623835 -76.559974   7.623835 -37.900823  -7.623835  15.467335   7.623835 
 -7.627227  31.926635   7.627227 -14.690505  -7.627227 -78.282578   7.627227 -38.518084  -7.627227  14.922361   7.627227 
 -7.628923  32.265844   7.628923 -13.993490  -7.628923 -80.541433   7.628923 -39.126708  -7.628923  14.364803   7.628923 
 -7.628923  32.594715   7.628923 -13.288105  -7.628923 -38.144613   7.628923 -39.726766  -7.628923  13.794732   7.628923 
 -7.627227  32.913326   7.627227 -12.574667  -7.627227 -38.136134   7.627227 -40.318339  -7.627227  13.212229   7.627227 
 -7.623835  33.221755   7.623835 -11.853516  -7.623835 -38.119173   7.623835 -40.901519  -7.623835  12.617391   7.623835 
 -7.618745  33.520080   7.618745 -11.125007  -7.618745 -38.093724   7.618745 -41.476408  -7.618745  12.010328   7.618745 
 -7.611955  33.808382   7.611955 -10.389517  -7.611955 -38.059776   7.611955 -42.043116  -7.611955  11.391167   7.611955 
 -7.603463  34.086737   7.603463  -9.647439  -7.603463 -38.017315   7.603463 -42.601764  -7.603463  10.760050   7.603463 
 -7.593265  34.355226   7.593265  -8.899184  -7.593265 -37.966327   7.593265 -43.152480  -7.593265  10.117135   7.593265 
 -7.581358  34.613926   7.581358  -8.145177  -7.581358 -37.906789   7.581358 -43.695400  -7.581358   9.462599   7.581358 
 -7.567736  34.862915   7.567736  -7.385863  -7.567736 -37.838681   7.567736 -44.230670  -7.567736   8.796636   7.567736 
 -7.552395  35.102267   7.552395  -6.621700  -7.552395 -37.761974   7.552395 -44.758440  -7.552395   8.119456   7.552395 
 -7.535328  35.332058   7.535328  -5.853158  -7.535328 -37.676641   7.535328 -45.278869  -7.535328   7.431291   7.535328 
 -7.516529  35.552362   7.516529  -5.080721  -7.516529 -37.582647   7.516529 -45.792122  -7.516529   6.732389   7.516529 
 -7.495991  35.763250   7.495991  -4.304885  -7.495991 -37.479957   7.495991 -46.298371  -7.495991   6.023017   7.495991 
 -7.473707  35.964792   7.473707  -3.526156  -7.473707 -37.368533   7.473707 -46.797792  -7.473707   5.303465   7.473707 
 -7.449666  36.157055   7.449666  -2.745047  -7.449666 -37.248332   7.449666 -47.290569  -7.449666   4.574037   7.449666 
 -7.423862  36.340106   7.423862  -1.962080  -7.423862 -37.119310   7.423862 -47.776892  -7.423862   3.835059   7.423862 
 -7.396284  36.514008   7.396284  -1.177782  -7.396284 -36.981418   7.396284 -48.256956  -7.396284   3.086875   7.396284 
 -7.366921  36.678822   7.366921  -0.392683  -7.366921 -36.834607   7.366921 -48.730962  -7.366921   2.329850   7.366921 
 -7.335764  36.834607   7.335764   0.392683  -7.335764 -36.678822   7.335764 -49.199116  -7.335764   1.564364   7.335764 
 -7.302802  36.981418   7.302802   1.177782  -7.302802 -36.514008   7.302802 -49.661630  -7.302802   0.790816   7.302802 
 -7.268021  37.119310   7.268021   1.962080  -7.268021 -36.340106   7.268021 -50.118723  -7.268021   0.009624   7.268021 
 -7.231411  37.248332   7.231411   2.745047  -7.231411 -36.157055   7.231411 -50.570619  -7.231411  -0.778781   7.231411 
 -7.192958  37.368533   7.192958   3.526156  -7.192958 -35.964792   7.192958 -51.017548  -7.192958  -1.573949   7.192958 
 -7.152650  37.479957   7.152650   4.304885  -7.152650 -35.763250   7.152650 -51.459746  -7.152650  -2.375418   7.152650 
 -7.110472  37.582647   7.110472   5.080721  -7.110472 -35.552362   7.110472 -51.897457  -7.110472  -3.182711   7.110472 
 -7.066412  37.676641   7.066412   5.853158  -7.066412 -35.332058   7.066412 -52.330932  -7.066412  -3.995338   7.066412 
 -7.020453  37.761974   7.020453   6.621700  -7.020453 -35.102267   7.020453 -52.760429  -7.020453  -4.812801   7.020453 
 -6.972583  37.838681   6.972583   7.385863  -6.972583 -34.862915   6.972583 -53.186213  -6.972583  -5.634589   6.972583 
 -6.922785  37.906789   6.922785   8.145177  -6.922785 -34.613926   6.922785 -53.608560  -6.922785  -6.460185   6.922785 
 -6.871045  37.966327   6.871045   8.899184  -6.871045 -34.355226   6.871045 -54.027753  -6.871045  -7.289064   6.871045 
 -6.817347  38.017315   6.817347   9.647439  -6.817347 -34.086737   6.817347 -54.444087  -6.817347  -8.120696   6.817347 
 -6.761676  38.059776   6.761676  10.389517  -6.761676 -33.808382   6.761676 -54.857867  -6.761676  -8.954549   6.761676 
 -6.704016  38.093724   6.704016  11.125007  -6.704016 -33.520080   6.704016 -55.269410  -6.704016  -9.790088   6.704016 
 -6.644351  38.119173   6.644351  11.853516  -6.644351 -33.221755   6.644351 -55.679047  -6.644351 -10.626779   6.644351 
 -6.582665  38.136134   6.582665  12.574667  -6.582665 -32.913326   6.582665 -56.087122  -6.582665 -11.464088   6.582665 
 -6.518943  38.144613   6.518943  13.288105  -6.518943 -32.594715   6.518943 -56.493998  -6.518943 -12.301486   6.518943 
 -6.453169  38.144613   6.453169  13.993490  -6.453169 -32.265844   6.453169 -56.900051  -6.453169 -13.138447   6.453169 
 -6.385327  38.136134   6.385327  14.690505  -6.385327 -31.926635   6.385327 -57.305679  -6.385327 -13.974455   6.385327 
 -6.315403  38.119173   6.315403  15.378848  -6.315403 -31.577013   6.315403 -57.711303  -6.315403 -14.808998   6.315403 
 -6.243381  38.093724   6.243381  16.058239  -6.243381 -31.216904   6.243381 -58.117367  -6.243381 -15.641579   6.243381 
 -6.169247  38.059776   6.169247  16.728416  -6.169247 -30.846235   6.169247 -58.524339  -6.169247 -16.471706   6.169247 
 -6.092987  38.017315   6.092987  17.389138  -6.092987 -30.464936   6.092987 -58.932722  -6.092987 -17.298906   6.092987 
 -6.014588  37.966327   6.014588  18.040180  -6.014588 -30.072940   6.014588 -59.343049  -6.014588 -18.122716   6.014588 
 -5.934037  37.906789   5.934037  18.681338  -5.934037 -29.670185   5.934037 -59.755892  -5.934037 -18.942688   5.934037 
 -5.851322  37.838681   5.851322  19.312425  -5.851322 -29.256611   5.851322 -60.171867  -5.851322 -19.758393   5.851322 
 -5.766432  37.761974   5.766432  19.933273  -5.766432 -28.832162   5.766432 -60.591638  -5.766432 -20.569416   5.766432 
 -5.679358  37.676641   5.679358  20.543730  -5.679358 -28.396789   5.679358 -61.015922  -5.679358 -21.375363   5.679358 
 -5.590089  37.582647   5.590089  21.143662  -5.590089 -27.950447   5.590089 -61.445503  -5.590089 -22.175857   5.590089 
 -5.498620  37.479957   5.498620  21.732950  -5.498620 -27.493098   5.498620 -61.881234  -5.498620 -22.970541   5.498620 
 -5.404942  37.368533   5.404942  22.311491  -5.404942 -27.024711   5.404942 -62.324052  -5.404942 -23.759078   5.404942 
 -5.309052  37.248332   5.309052  22.879199  -5.309052 -26.545261   5.309052 -62.774991  -5.309052 -24.541151   5.309052 
 -5.210947  37.119310   5.210947  23.435998  -5.210947 -26.054733   5.210947 -63.235198  -5.210947 -25.316464   5.210947 
 -5.110624  36.981418   5.110624  23.981831  -5.110624 -25.553118   5.110624 -63.705948  -5.110624 -26.084743   5.110624 
 -5.008084  36.834607   5.008084  24.516650  -5.008084 -25.040420   5.008084 -64.188674  -5.008084 -26.845733   5.008084 
 -4.903330  36.678822   4.903330  25.040420  -4.903330 -24.516650   4.903330 -64.684993  -4.903330 -27.599201   4.903330 
 -4.796366  36.514008   4.796366  25.553118  -4.796366 -23.981831   4.796366 -65.196739  -4.796366 -28.344934   4.796366 
 -4.687200  36.340106   4.687200  26.054733  -4.687200 -23.435998   4.687200 -65.726015  -4.687200 -29.082741   4.687200 
 -4.575840  36.157055   4.575840  26.545261  -4.575840 -22.879199   4.575840 -66.275249  -4.575840 -29.812451   4.575840 
 -4.462298  35.964792   4.462298  27.024711  -4.462298 -22.311491   4.462298 -66.847268  -4.462298 -30.533911   4.462298 
 -4.346590  35.763250   4.346590  27.493098  -4.346590 -21.732950   4.346590 -67.445403  -4.346590 -31.246991   4.346590 
 -4.228732  35.552362   4.228732  27.950447  -4.228732 -21.143662   4.228732 -68.073620  -4.228732 -31.951578   4.228732 
 -4.108746  35.332058   4.108746  28.396789  -4.108746 -20.543730   4.108746 -68.736710  -4.108746 -32.647576   4.108746 
 -3.986655  35.102267   3.986655  28.832162  -3.986655 -19.933273   3.986655 -69.440545  -3.986655 -33.334912   3.986655 
 -3.862485  34.862915   3.862485  29.256611  -3.862485 -19.312425   3.862485 -70.192456  -3.862485 -34.013526   3.862485 
 -3.736268  34.613926   3.736268  29.670185  -3.736268 -18.681338   3.736268 -71.001796  -3.736268 -34.683376   3.736268 
 -3.608036  34.355226   3.608036  30.072940  -3.608036 -18.040180   3.608036 -71.880810  -3.608036 -35.344438   3.608036 
 -3.477828  34.086737   3.477828  30.464936  -3.477828 -17.389138   3.477828 -72.846063  -3.477828 -35.996701   3.477828 
 -3.345683  33.808382   3.345683  30.846235  -3.345683 -16.728416   3.345683 -73.920911  -3.345683 -36.640171   3.345683 
 -3.211648  33.520080   3.211648  31.216904  -3.211648 -16.058239   3.211648 -75.140168  -3.211648 -37.274867   3.211648 
 -3.075770  33.221755   3.075770  31.577013  -3.075770 -15.378848   3.075770 -76.559974  -3.075770 -37.900823   3.075770 
 -2.938101  32.913326   2.938101  31.926635  -2.938101 -14.690505   2.938101 -78.282578  -2.938101 -38.518084   2.938101 
 -2.798698  32.594715   2.798698  32.265844  -2.798698 -13.993490   2.798698 -80.541433  -2.798698 -39.126708   2.798698 
 -2.657621  32.265844   2.657621  32.594715  -2.657621 -13.288105   2.657621 -38.144613  -2.657621 -39.726766   2.657621 
 -2.514933  31.926635   2.514933  32.913326  -2.514933 -12.574667   2.514933 -38.136134  -2.514933 -40.318339   2.514933 
 -2.370703  31.577013   2.370703  33.221755  -2.370703 -11.853516   2.370703 -38.119173  -2.370703 -40.901519   2.370703 
 -2.225001  31.216904   2.225001  33.520080  -2.225001 -11.125007   2.225001 -38.093724  -2.225001 -41.476408   2.225001 
 -2.077903  30.846235   2.077903  33.808382  -2.077903 -10.389517   2.077903 -38.059776  -2.077903 -42.043116   2.077903 
 -1.929488  30.464936   1.929488  34.086737  -1.929488  -9.647439   1.929488 -38.017315  -1.929488 -42.601764   1.929488 
 -1.779837  30.072940   1.779837  34.355226  -1.779837  -8.899184   1.779837 -37.966327  -1.779837 -43.152480   1.779837 
 -1.629035  29.670185   1.629035  34.613926  -1.629035  -8.145177   1.629035 -37.906789  -1.629035 -43.695400   1.629035 
 -1.477173  29.256611   1.477173  34.862915  -1.477173  -7.385863   1.477173 -37.838681  -1.477173 -44.230670   1.477173 
 -1.324340  28.832162   1.324340  35.102267  -1.324340  -6.621700   1.324340 -37.761974  -1.324340 -44.758440   1.324340 
 -1.170632  28.396789   1.170632  35.332058  -1.170632  -5.853158   1.170632 -37.676641  -1.170632 -45.278869   1.170632 
 -1.016144  27.950447   1.016144  35.552362  -1.016144  -5.080721   1.016144 -37.582647  -1.016144 -45.792122   1.016144 
 -0.860977  27.493098   0.860977  35.763250  -0.860977  -4.304885   0.860977 -37.479957  -0.860977 -46.298371   0.860977 
 -0.705231  27.024711   0.705231  35.964792  -0.705231  -3.526156   0.705231 -37.368533  -0.705231 -46.797792   0.705231 
 -0.549009  26.545261   0.549009  36.157055  -0.549009  -2.745047   0.549009 -37.248332  -0.549009 -47.290569   0.549009 
 -0.392416  26.054733   0.392416  36.340106  -0.392416  -1.962080   0.392416 -37.119310  -0.392416 -47.776892   0.392416 
 -0.235556  25.553118   0.235556  36.514008  -0.235556  -1.177782   0.235556 -36.981418  -0.235556 -48.256956   0.235556 
 -0.078537  25.040420   0.078537  36.678822  -0.078537  -0.392683   0.078537 -36.834607  -0.078537 -48.730962   0.078537 
  0.078537  24.516650  -0.078537  36.834607   0.078537   0.392683  -0.078537 -36.678822   0.078537 -49.199116  -0.078537 
  0.235556  23.981831  -0.235556  36.981418   0.235556   1.177782  -0.235556 -36.514008   0.235556 -49.661630  -0.235556 
  0.392416  23.435998  -0.392416  37.119310   0.392416   1.962080  -0.392416 -36.340106   0.392416 -50.118723  -0.392416 
  0.549009  22.879199  -0.549009  37.248332   0.549009   2.745047  -0.549009 -36.157055   0.549009 -50.570619  -0.549009 
  0.705231  22.311491  -0.705231  37.368533   0.705231   3.526156  -0.705231 -35.964792   0.705231 -51.017548  -0.705231 
  0.860977  21.732950  -0.860977  37.479957   0.860977   4.304885  -0.860977 -35.763250   0.860977 -51.459746  -0.860977 
  1.016144  21.143662  -1.016144  37.582647   1.016144   5.080721  -1.016144 -35.552362   1.016144 -51.897457  -1.016144 
  1.170632  20.543730  -1.170632  37.676641   1.170632   5.853158  -1.170632 -35.332058   1.170632 -52.330932  -1.170632 
  1.324340  19.933273  -1.324340  37.761974   1.324340   6.621700  -1.324340 -35.102267   1.324340 -52.760429  -1.324340 
  1.477173  19.312425  -1.477173  37.838681   1.477173   7.385863  -1.477173 -34.862915   1.477173 -53.186213  -1.477173 
  1.629035  18.681338  -1.629035  37.906789   1.629035   8.145177  -1.629035 -34.613926   1.629035 -53.608560  -1.629035 
  1.779837  18.040180  -1.779837  37.966327   1.779837   8.899184  -1.779837 -34.355226   1.779837 -54.027753  -1.779837 
  1.929488  17.389138  -1.929488  38.017315   1.929488   9.647439  -1.929488 -34.086737   1.929488 -54.444087  -1.929488 
  2.077903  16.728416  -2.077903  38.059776   2.077903  10.389517  -2.077903 -33.808382   2.077903 -54.857867  -2.077903 
  2.225001  16.058239  -2.225001  38.093724   2.225001  11.125007  -2.225001 -33.520080   2.225001 -55.269410  -2.225001 
  2.370703  15.378848  -2.370703  38.119173   2.370703  11.853516  -2.370703 -33.221755   2.370703 -55.679047  -2.370703 
  2.514933  14.690505  -2.514933  38.136134   2.514933  12.574667  -2.514933 -32.913326   2.514933 -56.087122  -2.514933 
  2.657621  13.993490  -2.657621  38.144613   2.657621  13.288105  -2.657621 -32.594715   2.657621 -56.493998  -2.657621 
  2.798698  13.288105  -2.798698  38.144613   2.798698  13.993490  -2.798698 -32.265844   2.798698 -56.900051  -2.798698 
  2.938101  12.574667  -2.938101  38.136134   2.938101  14.690505  -2.938101 -31.926635   2.938101 -57.305679  -2.938101 
  3.075770  11.853516  -3.075770  38.119173   3.075770  15.378848  -3.075770 -31.577013   3.075770 -57.711303  -3.075770 
  3.211648  11.125007  -3.211648  38.093724   3.211648  16.058239  -3.211648 -31.216904   3.211648 -58.117367  -3.211648 
  3.345683  10.389517  -3.345683  38.059776   3.345683  16.728416  -3.345683 -30.846235   3.345683 -58.524339  -3.345683 
  3.477828   9.647439  -3.477828  38.017315   3.477828  17.389138  -3.477828 -30.464936   3.477828 -58.932722  -3.477828 
  3.608036   8.899184  -3.608036  37.966327   3.608036  18.040180  -3.608036 -30.072940   3.608036 -59.343049  -3.608036 
  3.736268   8.145177  -3.736268  37.906789   3.736268  18.681338  -3.736268 -29.670185   3.736268 -59.755892  -3.736268 
  3.862485   7.385863  -3.862485  37.838681   3.862485  19.312425  -3.862485 -29.256611   3.862485 -60.171867  -3.862485 
  3.986655   6.621700  -3.986655  37.761974   3.986655  19.933273  -3.986655 -28.832162   3.986655 -60.591638  -3.986655 
  4.108746   5.853158  -4.108746  37.676641   4.108746  20.543730  -4.108746 -28.396789   4.108746 -61.015922  -4.108746 
  4.228732   5.080721  -4.228732  37.582647   4.228732  21.143662  -4.228732 -27.950447   4.228732 -61.445503  -4.228732 
  4.346590   4.304885  -4.346590  37.479957   4.346590  21.732950  -4.346590 -27.493098   4.346590 -61.881234  -4.346590 
  4.462298   3.526156  -4.462298  37.368533   4.462298  22.311491  -4.462298 -27.024711   4.462298 -62.324052  -4.462298 
  4.575840   2.745047  -4.575840  37.248332   4.575840  22.879199  -4.575840 -26.545261   4.575840 -62.774991  -4.575840 
  4.687200   1.962080  -4.687200  37.119310   4.687200  23.435998  -4.687200 -26.054733   4.687200 -63.235198  -4.687200 
  4.796366   1.177782  -4.796366  36.981418   4.796366  23.981831  -4.796366 -25.553118   4.796366 -63.705948  -4.796366 
  4.903330   0.392683  -4.903330  36.834607   4.903330  24.516650  -4.903330 -25.040420   4.903330 -64.188674  -4.903330 
  5.008084  -0.392683  -5.008084  36.678822   5.008084  25.040420  -5.008084 -24.516650   5.008084 -64.684993  -5.008084 
  5.110624  -1.177782  -5.110624  36.514008   5.110624  25.553118  -5.110624 -23.981831   5.110624 -65.196739  -5.110624 
  5.210947  -1.962080  -5.210947  36.340106   5.210947  26.054733  -5.210947 -23.435998   5.210947 -65.726015  -5.210947 
  5.309052  -2.745047  -5.309052  36.157055   5.309052  26.545261  -5.309052 -22.879199   5.309052 -66.275249  -5.309052 
  5.404942  -3.526156  -5.404942  35.964792   5.404942  27.024711  -5.404942 -22.311491   5.404942 -66.847268  -5.404942 
  5.498620  -4.304885  -5.498620  35.763250   5.498620  27.493098  -5.498620 -21.732950   5.498620 -67.445403  -5.498620 
  5.590089  -5.080721  -5.590089  35.552362   5.590089  27.950447  -5.590089 -21.143662   5.590089 -68.073620  -5.590089 
  5.679358  -5.853158  -5.679358  35.332058   5.679358  28.396789  -5.679358 -20.543730   5.679358 -68.736710  -5.679358 
  5.766432  -6.621700  -5.766432  35.102267   5.766432  28.832162  -5.766432 -19.933273   5.766432 -69.440545  -5.766432 
  5.851322  -7.385863  -5.851322  34.862915   5.851322  29.256611  -5.851322 -19.312425   5.851322 -70.192456  -5.851322 
  5.934037  -8.145177  -5.934037  34.613926   5.934037  29.670185  -5.934037 -18.681338   5.934037 -71.001796  -5.934037 
  6.014588  -8.899184  -6.014588  34.355226   6.014588  30.072940  -6.014588 -18.040180   6.014588 -71.880810  -6.014588 
  6.092987  -9.647439  -6.092987  34.086737   6.092987  30.464936  -6.092987 -17.389138   6.092987 -72.846063  -6.092987 
  6.169247 -10.389517  -6.169247  33.808382   6.169247  30.846235  -6.169247 -16.728416   6.169247 -73.920911  -6.169247 
  6.243381 -11.125007  -6.243381  33.520080   6.243381  31.216904  -6.243381 -16.058239   6.243381 -75.140168  -6.243381 
  6.315403 -11.853516  -6.315403  33.221755   6.315403  31.577013  -6.315403 -15.378848   6.315403 -76.559974  -6.315403 
  6.385327 -12.574667  -6.385327  32.913326   6.385327  31.926635  -6.385327 -14.690505   6.385327 -78.282578  -6.385327 
  6.453169 -13.288105  -6.453169  32.594715   6.453169  32.265844  -6.453169 -13.993490   6.453169 -80.541433  -6.453169 
