536 464 486 619 536 620 486 467 536 384 486 
536 462 486 617 536 621 486 469 536 384 486 
537 460 485 616 537 622 485 471 537 384 485 
537 457 485 615 537 623 485 474 537 384 485 
537 455 485 614 537 624 485 476 537 384 485 
537 453 485 613 537 625 485 479 537 384 485 
537 451 485 611 537 626 485 481 537 384 485 
537 449 485 610 537 626 485 484 537 385 485 
537 447 485 609 537 627 485 486 537 385 485 
537 445 485 607 537 628 485 489 537 385 485 
537 443 485 606 537 629 485 491 537 385 485 
537 441 485 604 537 630 485 494 537 386 485 
537 439 485 603 537 630 485 497 537 386 485 
537 437 485 601 537 631 485 499 537 386 485 
537 435 485 599 537 632 485 502 537 387 485 
537 433 485 598 537 632 485 504 537 387 485 
537 431 485 596 537 633 485 507 537 388 485 
536 429 486 594 536 633 486 510 536 388 486 
536 428 486 593 536 634 486 512 536 389 486 
536 426 486 591 536 634 486 515 536 389 486 
536 424 486 589 536 635 486 518 536 390 486 
536 423 486 587 536 635 486 520 536 390 486 
536 421 486 585 536 636 486 523 536 391 486 
536 419 486 583 536 636 486 525 536 392 486 
536 418 486 581 536 636 486 528 536 392 486 
536 416 486 579 536 637 486 531 536 393 486 
536 415 486 577 536 637 486 533 536 394 486 
536 413 486 575 536 637 486 536 536 395 486 
536 412 486 573 536 637 486 538 536 396 486 
535 411 487 571 535 638 487 541 535 396 487 
535 409 487 569 535 638 487 543 535 397 487 
535 408 487 567 535 638 487 546 535 398 487 
535 407 487 565 535 638 487 548 535 399 487 
535 406 487 562 535 638 487 551 535 400 487 
535 405 487 560 535 638 487 553 535 401 487 
535 403 487 558 535 638 487 555 535 402 487 
535 384 487 555 535 638 487 558 535 403 487 
534 384 488 553 534 638 488 560 534 405 488 
534 383 488 551 534 638 488 562 534 406 488 
534 383 488 548 534 638 488 565 534 407 488 
534 383 488 546 534 638 488 567 534 408 488 
534 383 488 543 534 638 488 569 534 409 488 
533 383 489 541 533 638 489 571 533 411 489 
533 383 489 538 533 637 489 573 533 412 489 
533 383 489 536 533 637 489 575 533 413 489 
533 383 489 533 533 637 489 577 533 415 489 
533 383 489 531 533 637 489 579 533 416 489 
532 383 490 528 532 636 490 581 532 418 490 
532 383 490 525 532 636 490 583 532 419 490 
532 383 490 523 532 636 490 585 532 421 490 
532 383 490 520 532 635 490 587 532 423 490 
531 383 491 518 531 635 491 589 531 424 491 
531 383 491 515 531 634 491 591 531 426 491 
531 384 491 512 531 634 491 593 531 428 491 
531 384 491 510 531 633 491 594 531 429 491 
530 384 492 507 530 633 492 596 530 431 492 
530 384 492 504 530 632 492 598 530 433 492 
530 385 492 502 530 632 492 599 530 435 492 
529 385 493 499 529 631 493 601 529 437 493 
529 386 493 497 529 630 493 603 529 439 493 
529 386 493 494 529 630 493 604 529 441 493 
528 386 494 491 528 629 494 606 528 443 494 
528 387 494 489 528 628 494 607 528 445 494 
528 387 494 486 528 627 494 609 528 447 494 
527 388 495 484 527 626 495 610 527 449 495 
527 389 495 481 527 626 495 611 527 451 495 
527 389 495 479 527 625 495 613 527 453 495 
526 390 496 476 526 624 496 614 526 455 496 
526 390 496 474 526 623 496 615 526 457 496 
525 391 497 471 525 622 497 616 525 460 497 
525 392 497 469 525 621 497 617 525 462 497 
525 393 497 467 525 620 497 619 525 464 497 
524 393 498 464 524 619 498 620 524 467 498 
524 394 498 462 524 617 498 621 524 469 498 
523 395 499 460 523 616 499 622 523 471 499 
523 396 499 457 523 615 499 623 523 474 499 
523 397 499 455 523 614 499 624 523 476 499 
522 398 500 453 522 613 500 625 522 479 500 
522 399 500 451 522 611 500 626 522 481 500 
521 400 501 449 521 610 501 626 521 484 501 
521 401 501 447 521 609 501 627 521 486 501 
520 402 502 445 520 607 502 628 520 489 502 
520 403 502 443 520 606 502 629 520 491 502 
519 404 503 441 519 604 503 630 519 494 503 
519 405 503 439 519 603 503 630 519 497 503 
518 407 504 437 518 601 504 631 518 499 504 
518 408 504 435 518 599 504 632 518 502 504 
517 409 505 433 517 598 505 632 517 504 505 
517 411 505 431 517 596 505 633 517 507 505 
516 412 506 429 516 594 506 633 516 510 506 
516 413 506 428 516 593 506 634 516 512 506 
515 415 507 426 515 591 507 634 515 515 507 
515 416 507 424 515 589 507 635 515 518 507 
514 418 508 423 514 587 508 635 514 520 508 
514 419 508 421 514 585 508 636 514 523 508 
514 421 508 419 514 583 508 636 514 525 508 
513 423 509 418 513 581 509 636 513 528 509 
513 424 509 416 513 579 509 637 513 531 509 
512 426 510 415 512 577 510 637 512 533 510 
512 428 510 413 512 575 510 637 512 536 510 
511 430 511 412 511 573 511 637 511 538 511 
511 431 511 411 511 571 511 638 511 541 511 
510 433 512 409 510 569 512 638 510 543 512 
510 435 512 408 510 567 512 638 510 546 512 
509 437 513 407 509 565 513 638 509 548 513 
509 439 513 406 509 562 513 638 509 551 513 
508 441 514 405 508 560 514 638 508 553 514 
508 443 514 403 508 558 514 638 508 555 514 
507 445 515 384 507 555 515 638 507 558 515 
507 447 515 384 507 553 515 638 507 560 515 
506 449 516 383 506 551 516 638 506 562 516 
506 451 516 383 506 548 516 638 506 565 516 
505 453 517 383 505 546 517 638 505 567 517 
505 456 517 383 505 543 517 638 505 569 517 
505 458 517 383 505 541 517 638 505 571 517 
504 460 518 383 504 538 518 637 504 573 518 
504 462 518 383 504 536 518 637 504 575 518 
503 465 519 383 503 533 519 637 503 577 519 
503 467 519 383 503 531 519 637 503 579 519 
503 469 519 383 503 528 519 636 503 581 519 
502 472 520 383 502 525 520 636 502 583 520 
502 474 520 383 502 523 520 636 502 585 520 
501 476 521 383 501 520 521 635 501 587 521 
501 479 521 383 501 518 521 635 501 589 521 
501 481 521 383 501 515 521 634 501 591 521 
500 484 522 384 500 512 522 634 500 593 522 
500 486 522 384 500 510 522 633 500 594 522 
500 489 522 384 500 507 522 633 500 596 522 
499 491 523 384 499 504 523 632 499 598 523 
499 494 523 385 499 502 523 632 499 599 523 
499 496 523 385 499 499 523 631 499 601 523 
498 498 524 386 498 497 524 630 498 603 524 
498 501 524 386 498 494 524 630 498 604 524 
498 503 524 386 498 491 524 629 498 606 524 
498 506 524 387 498 489 524 628 498 607 524 
497 508 525 387 497 486 525 627 497 609 525 
497 511 525 388 497 484 525 626 497 610 525 
497 513 525 389 497 481 525 626 497 611 525 
497 516 525 389 497 479 525 625 497 613 525 
496 518 526 390 496 476 526 624 496 614 526 
496 520 526 390 496 474 526 623 496 615 526 
496 523 526 391 496 471 526 622 496 616 526 
496 525 526 392 496 469 526 621 496 617 526 
495 527 527 393 495 467 527 620 495 619 527 
495 530 527 393 495 464 527 619 495 620 527 
495 532 527 394 495 462 527 617 495 621 527 
495 534 527 395 495 460 527 616 495 622 527 
495 536 527 396 495 457 527 615 495 623 527 
495 539 527 397 495 455 527 614 495 624 527 
494 541 528 398 494 453 528 613 494 625 528 
494 543 528 399 494 451 528 611 494 626 528 
494 545 528 400 494 449 528 610 494 626 528 
494 547 528 401 494 447 528 609 494 627 528 
494 549 528 402 494 445 528 607 494 628 528 
494 551 528 403 494 443 528 606 494 629 528 
494 553 528 404 494 441 528 604 494 630 528 
493 555 529 405 493 439 529 603 493 630 529 
493 557 529 407 493 437 529 601 493 631 529 
493 559 529 408 493 435 529 599 493 632 529 
493 561 529 409 493 433 529 598 493 632 529 
493 563 529 411 493 431 529 596 493 633 529 
493 564 529 412 493 429 529 594 493 633 529 
493 566 529 413 493 428 529 593 493 634 529 
493 568 529 415 493 426 529 591 493 634 529 
493 569 529 416 493 424 529 589 493 635 529 
493 571 529 418 493 423 529 587 493 635 529 
493 572 529 419 493 421 529 585 493 636 529 
493 574 529 421 493 419 529 583 493 636 529 
493 575 529 423 493 418 529 581 493 636 529 
493 577 529 424 493 416 529 579 493 637 529 
493 578 529 426 493 415 529 577 493 637 529 
493 580 529 428 493 413 529 575 493 637 529 
493 581 529 430 493 412 529 573 493 637 529 
493 582 529 431 493 411 529 571 493 638 529 
493 583 529 433 493 409 529 569 493 638 529 
493 585 529 435 493 408 529 567 493 638 529 
493 586 529 437 493 407 529 565 493 638 529 
493 587 529 439 493 406 529 562 493 638 529 
493 588 529 441 493 405 529 560 493 638 529 
493 589 529 443 493 403 529 558 493 638 529 
493 590 529 445 493 384 529 555 493 638 529 
493 591 529 447 493 384 529 553 493 638 529 
494 592 528 449 494 383 528 551 494 638 528 
494 593 528 451 494 383 528 548 494 638 528 
494 593 528 453 494 383 528 546 494 638 528 
494 594 528 456 494 383 528 543 494 638 528 
494 595 528 458 494 383 528 541 494 638 528 
494 596 528 460 494 383 528 538 494 637 528 
494 596 528 462 494 383 528 536 494 637 528 
494 597 528 465 494 383 528 533 494 637 528 
495 598 527 467 495 383 527 531 495 637 527 
495 598 527 469 495 383 527 528 495 636 527 
495 599 527 472 495 383 527 525 495 636 527 
495 599 527 474 495 383 527 523 495 636 527 
495 599 527 476 495 383 527 520 495 635 527 
496 600 526 479 496 383 526 518 496 635 526 
496 600 526 481 496 383 526 515 496 634 526 
496 601 526 484 496 384 526 512 496 634 526 
496 601 526 486 496 384 526 510 496 633 526 
496 601 526 489 496 384 526 507 496 633 526 
497 601 525 491 497 384 525 504 497 632 525 
497 601 525 494 497 385 525 502 497 632 525 
497 601 525 496 497 385 525 499 497 631 525 
498 602 524 498 498 386 524 497 498 630 524 
498 602 524 501 498 386 524 494 498 630 524 
498 602 524 503 498 386 524 491 498 629 524 
498 602 524 506 498 387 524 489 498 628 524 
499 601 523 508 499 387 523 486 499 627 523 
499 601 523 511 499 388 523 484 499 626 523 
499 601 523 513 499 389 523 481 499 626 523 
500 601 522 516 500 389 522 479 500 625 522 
500 601 522 518 500 390 522 476 500 624 522 
500 601 522 520 500 390 522 474 500 623 522 
501 600 521 523 501 391 521 471 501 622 521 
501 600 521 525 501 392 521 469 501 621 521 
501 599 521 527 501 393 521 467 501 620 521 
502 599 520 530 502 393 520 464 502 619 520 
502 599 520 532 502 394 520 462 502 617 520 
503 598 519 534 503 395 519 460 503 616 519 
503 598 519 536 503 396 519 457 503 615 519 
503 597 519 539 503 397 519 455 503 614 519 
504 596 518 541 504 398 518 453 504 613 518 
504 596 518 543 504 399 518 451 504 611 518 
505 595 517 545 505 400 517 449 505 610 517 
505 594 517 547 505 401 517 447 505 609 517 
506 594 516 549 506 402 516 445 506 607 516 
506 593 516 551 506 403 516 443 506 606 516 
507 592 515 553 507 404 515 441 507 604 515 
507 591 515 555 507 405 515 439 507 603 515 
507 590 515 557 507 407 515 437 507 601 515 
508 589 514 559 508 408 514 435 508 599 514 
508 588 514 561 508 409 514 433 508 598 514 
509 587 513 563 509 411 513 431 509 596 513 
509 586 513 564 509 412 513 429 509 594 513 
510 585 512 566 510 413 512 428 510 593 512 
510 584 512 568 510 415 512 426 510 591 512 
511 582 511 569 511 416 511 424 511 589 511 
512 581 510 571 512 418 510 423 512 587 510 
512 580 510 572 512 419 510 421 512 585 510 
513 578 509 574 513 421 509 419 513 583 509 
513 577 509 575 513 423 509 418 513 581 509 
514 576 508 577 514 424 508 416 514 579 508 
514 574 508 578 514 426 508 415 514 577 508 
515 573 507 580 515 428 507 413 515 575 507 
515 571 507 581 515 430 507 412 515 573 507 
516 569 506 582 516 431 506 411 516 571 506 
516 568 506 583 516 433 506 409 516 569 506 
517 566 505 585 517 435 505 408 517 567 505 
518 564 504 586 518 437 504 407 518 565 504 
518 563 504 587 518 439 504 406 518 562 504 
519 561 503 588 519 441 503 405 519 560 503 
519 559 503 589 519 443 503 403 519 558 503 
520 557 502 590 520 445 502 384 520 555 502 
520 555 502 591 520 447 502 384 520 553 502 
521 553 501 592 521 449 501 383 521 551 501 
521 551 501 593 521 451 501 383 521 548 501 
522 549 500 593 522 453 500 383 522 546 500 
523 547 499 594 523 456 499 383 523 543 499 
523 545 499 595 523 458 499 383 523 541 499 
524 543 498 596 524 460 498 383 524 538 498 
524 540 498 596 524 462 498 383 524 536 498 
525 538 497 597 525 465 497 383 525 533 497 
525 536 497 598 525 467 497 383 525 531 497 
526 533 496 598 526 469 496 383 526 528 496 
526 531 496 599 526 472 496 383 526 525 496 
527 529 495 599 527 474 495 383 527 523 495 
527 526 495 599 527 476 495 383 527 520 495 
528 524 494 600 528 479 494 383 528 518 494 
528 521 494 600 528 481 494 383 528 515 494 
529 519 493 601 529 484 493 384 529 512 493 
529 516 493 601 529 486 493 384 529 510 493 
530 514 492 601 530 489 492 384 530 507 492 
530 511 492 601 530 491 492 384 530 504 492 
531 508 491 601 531 494 491 385 531 502 491 
531 506 491 601 531 496 491 385 531 499 491 
532 503 490 602 532 498 490 386 532 497 490 
532 500 490 602 532 501 490 386 532 494 490 
533 498 489 602 533 503 489 386 533 491 489 
533 495 489 602 533 506 489 387 533 489 489 
534 492 488 601 534 508 488 387 534 486 488 
534 489 488 601 534 511 488 388 534 484 488 
535 487 487 601 535 513 487 389 535 481 487 
535 484 487 601 535 516 487 389 535 479 487 
535 481 487 601 535 518 487 390 535 476 487 
536 478 486 601 536 520 486 390 536 474 486 
536 476 486 600 536 523 486 391 536 471 486 
537 473 485 600 537 525 485 392 537 469 485 
537 470 485 599 537 527 485 393 537 467 485 
537 467 485 599 537 530 485 393 537 464 485 
538 464 484 599 538 532 484 394 538 462 484 
538 462 484 598 538 534 484 395 538 460 484 
539 459 483 598 539 536 483 396 539 457 483 
539 456 483 597 539 539 483 397 539 455 483 
539 453 483 596 539 541 483 398 539 453 483 
540 451 482 596 540 543 482 399 540 451 482 
540 448 482 595 540 545 482 400 540 449 482 
540 445 482 594 540 547 482 401 540 447 482 
541 442 481 594 541 549 481 402 541 445 481 
541 440 481 593 541 551 481 403 541 443 481 
542 437 480 592 542 553 480 404 542 441 480 
542 434 480 591 542 555 480 405 542 439 480 
542 432 480 590 542 557 480 407 542 437 480 
543 429 479 589 543 559 479 408 543 435 479 
543 427 479 588 543 561 479 409 543 433 479 
543 424 479 587 543 563 479 411 543 431 479 
543 422 479 586 543 564 479 412 543 429 479 
544 419 478 585 544 566 478 413 544 428 478 
544 417 478 584 544 568 478 415 544 426 478 
544 414 478 582 544 569 478 416 544 424 478 
545 412 477 581 545 571 477 418 545 423 477 
545 409 477 580 545 572 477 419 545 421 477 
545 407 477 578 545 574 477 421 545 419 477 
546 404 476 577 546 575 476 423 546 418 476 
546 402 476 576 546 577 476 424 546 416 476 
546 400 476 574 546 578 476 426 546 415 476 
546 398 476 573 546 580 476 428 546 413 476 
547 395 475 571 547 581 475 430 547 412 475 
547 393 475 569 547 582 475 431 547 411 475 
547 391 475 568 547 583 475 433 547 409 475 
548 389 474 566 548 585 474 435 548 408 474 
548 387 474 564 548 586 474 437 548 407 474 
548 385 474 563 548 587 474 439 548 406 474 
548 383 474 561 548 588 474 441 548 405 474 
549 381 473 559 549 589 473 443 549 403 473 
549 379 473 557 549 590 473 445 549 384 473 
549 377 473 555 549 591 473 447 549 384 473 
549 375 473 553 549 592 473 449 549 383 473 
550 373 472 551 550 593 472 451 550 383 472 
550 371 472 549 550 593 472 453 550 383 472 
550 369 472 547 550 594 472 456 550 383 472 
551 367 471 545 551 595 471 458 551 383 471 
551 365 471 543 551 596 471 460 551 383 471 
551 364 471 540 551 596 471 462 551 383 471 
551 362 471 538 551 597 471 465 551 383 471 
552 360 470 536 552 598 470 467 552 383 470 
552 358 470 533 552 598 470 469 552 383 470 
552 357 470 531 552 599 470 472 552 383 470 
553 355 469 529 553 599 469 474 553 383 469 
553 353 469 526 553 599 469 476 553 383 469 
553 352 469 524 553 600 469 479 553 383 469 
553 350 469 521 553 600 469 481 553 383 469 
554 349 468 519 554 601 468 484 554 384 468 
554 347 468 516 554 601 468 486 554 384 468 
554 345 468 514 554 601 468 489 554 384 468 
555 344 467 511 555 601 467 491 555 384 467 
555 342 467 508 555 601 467 494 555 385 467 
556 341 466 506 556 601 466 496 556 385 466 
556 339 466 503 556 602 466 498 556 386 466 
556 338 466 500 556 602 466 501 556 386 466 
557 337 465 498 557 602 465 503 557 386 465 
557 335 465 495 557 602 465 506 557 387 465 
558 334 464 492 558 601 464 508 558 387 464 
558 332 464 489 558 601 464 511 558 388 464 
559 331 463 487 559 601 463 513 559 389 463 
560 330 462 484 560 601 462 516 560 389 462 
560 328 462 481 560 601 462 518 560 390 462 
561 327 461 478 561 601 461 520 561 390 461 
562 325 460 476 562 600 460 523 562 391 460 
563 324 459 473 563 600 459 525 563 392 459 
565 323 457 470 565 599 457 527 565 393 457 
536 321 486 467 536 599 486 530 536 393 486 
536 320 486 464 536 599 486 532 536 394 486 
536 319 486 462 536 598 486 534 536 395 486 
536 317 486 459 536 598 486 536 536 396 486 
536 316 486 456 536 597 486 539 536 397 486 
536 315 486 453 536 596 486 541 536 398 486 
536 313 486 451 536 596 486 543 536 399 486 
536 312 486 448 536 595 486 545 536 400 486 
536 310 486 445 536 594 486 547 536 401 486 
536 309 486 442 536 594 486 549 536 402 486 
536 308 486 440 536 593 486 551 536 403 486 
536 306 486 437 536 592 486 553 536 404 486 
536 305 486 434 536 591 486 555 536 405 486 
536 303 486 432 536 590 486 557 536 407 486 
536 302 486 429 536 589 486 559 536 408 486 
536 300 486 427 536 588 486 561 536 409 486 
536 299 486 424 536 587 486 563 536 411 486 
536 297 486 422 536 586 486 564 536 412 486 
535 295 487 419 535 585 487 566 535 413 487 
535 294 487 417 535 584 487 568 535 415 487 
535 292 487 414 535 582 487 569 535 416 487 
535 290 487 412 535 581 487 571 535 418 487 
535 288 487 409 535 580 487 572 535 419 487 
535 286 487 407 535 578 487 574 535 421 487 
535 284 487 404 535 577 487 575 535 423 487 
535 282 487 402 535 576 487 577 535 424 487 
534 280 488 400 534 574 488 578 534 426 488 
534 277 488 398 534 573 488 580 534 428 488 
534 274 488 395 534 571 488 581 534 430 488 
534 271 488 393 534 569 488 582 534 431 488 
534 268 488 391 534 568 488 583 534 433 488 
534 265 488 389 534 566 488 585 534 435 488 
533 261 489 387 533 564 489 586 533 437 489 
533 256 489 385 533 563 489 587 533 439 489 
533 250 489 383 533 561 489 588 533 441 489 
533 243 489 381 533 559 489 589 533 443 489 
533 384 489 379 533 557 489 590 533 445 489 
532 384 490 377 532 555 490 591 532 447 490 
532 384 490 375 532 553 490 592 532 449 490 
532 384 490 373 532 551 490 593 532 451 490 
532 384 490 371 532 549 490 593 532 453 490 
531 384 491 369 531 547 491 594 531 456 491 
531 384 491 367 531 545 491 595 531 458 491 
531 385 491 365 531 543 491 596 531 460 491 
531 385 491 364 531 540 491 596 531 462 491 
530 385 492 362 530 538 492 597 530 465 492 
530 385 492 360 530 536 492 598 530 467 492 
530 386 492 358 530 533 492 598 530 469 492 
529 386 493 357 529 531 493 599 529 472 493 
529 386 493 355 529 529 493 599 529 474 493 
529 387 493 353 529 526 493 599 529 476 493 
528 387 494 352 528 524 494 600 528 479 494 
528 388 494 350 528 521 494 600 528 481 494 
528 388 494 349 528 519 494 601 528 484 494 
527 389 495 347 527 516 495 601 527 486 495 
527 389 495 345 527 514 495 601 527 489 495 
527 390 495 344 527 511 495 601 527 491 495 
526 390 496 342 526 508 496 601 526 494 496 
526 391 496 341 526 506 496 601 526 496 496 
525 392 497 339 525 503 497 602 525 498 497 
525 392 497 338 525 500 497 602 525 501 497 
525 393 497 337 525 498 497 602 525 503 497 
524 394 498 335 524 495 498 602 524 506 498 
524 395 498 334 524 492 498 601 524 508 498 
523 396 499 332 523 489 499 601 523 511 499 
523 396 499 331 523 487 499 601 523 513 499 
523 397 499 330 523 484 499 601 523 516 499 
522 398 500 328 522 481 500 601 522 518 500 
522 399 500 327 522 478 500 601 522 520 500 
521 400 501 325 521 476 501 600 521 523 501 
521 401 501 324 521 473 501 600 521 525 501 
520 402 502 323 520 470 502 599 520 527 502 
520 403 502 321 520 467 502 599 520 530 502 
519 405 503 320 519 464 503 599 519 532 503 
519 406 503 319 519 462 503 598 519 534 503 
518 407 504 317 518 459 504 598 518 536 504 
518 408 504 316 518 456 504 597 518 539 504 
517 409 505 315 517 453 505 596 517 541 505 
517 411 505 313 517 451 505 596 517 543 505 
516 412 506 312 516 448 506 595 516 545 506 
516 413 506 310 516 445 506 594 516 547 506 
515 415 507 309 515 442 507 594 515 549 507 
515 416 507 308 515 440 507 593 515 551 507 
514 418 508 306 514 437 508 592 514 553 508 
514 419 508 305 514 434 508 591 514 555 508 
513 421 509 303 513 432 509 590 513 557 509 
513 423 509 302 513 429 509 589 513 559 509 
512 424 510 300 512 427 510 588 512 561 510 
512 426 510 299 512 424 510 587 512 563 510 
511 428 511 297 511 422 511 586 511 564 511 
511 429 511 295 511 419 511 585 511 566 511 
510 431 512 294 510 417 512 584 510 568 512 
510 433 512 292 510 414 512 582 510 569 512 
509 435 513 290 509 412 513 581 509 571 513 
509 437 513 288 509 409 513 580 509 572 513 
508 439 514 286 508 407 514 578 508 574 514 
508 441 514 284 508 404 514 577 508 575 514 
507 443 515 282 507 402 515 576 507 577 515 
507 445 515 280 507 400 515 574 507 578 515 
506 447 516 277 506 398 516 573 506 580 516 
506 449 516 274 506 395 516 571 506 581 516 
505 451 517 271 505 393 517 569 505 582 517 
505 453 517 268 505 391 517 568 505 583 517 
504 455 518 265 504 389 518 566 504 585 518 
504 457 518 261 504 387 518 564 504 586 518 
503 460 519 256 503 385 519 563 503 587 519 
503 462 519 250 503 383 519 561 503 588 519 
502 464 520 243 502 381 520 559 502 589 520 
502 467 520 384 502 379 520 557 502 590 520 
501 469 521 384 501 377 521 555 501 591 521 
501 471 521 384 501 375 521 553 501 592 521 
500 474 522 384 500 373 522 551 500 593 522 
500 476 522 384 500 371 522 549 500 593 522 
499 479 523 384 499 369 523 547 499 594 523 
499 481 523 384 499 367 523 545 499 595 523 
499 484 523 385 499 365 523 543 499 596 523 
498 486 524 385 498 364 524 540 498 596 524 
498 489 524 385 498 362 524 538 498 597 524 
497 491 525 385 497 360 525 536 497 598 525 
497 494 525 386 497 358 525 533 497 598 525 
497 497 525 386 497 357 525 531 497 599 525 
496 499 526 386 496 355 526 529 496 599 526 
496 502 526 387 496 353 526 526 496 599 526 
495 504 527 387 495 352 527 524 495 600 527 
495 507 527 388 495 350 527 521 495 600 527 
495 510 527 388 495 349 527 519 495 601 527 
494 512 528 389 494 347 528 516 494 601 528 
494 515 528 389 494 345 528 514 494 601 528 
494 518 528 390 494 344 528 511 494 601 528 
493 520 529 390 493 342 529 508 493 601 529 
493 523 529 391 493 341 529 506 493 601 529 
493 525 529 392 493 339 529 503 493 602 529 
492 528 530 392 492 338 530 500 492 602 530 
492 531 530 393 492 337 530 498 492 602 530 
492 533 530 394 492 335 530 495 492 602 530 
491 536 531 395 491 334 531 492 491 601 531 
491 538 531 396 491 332 531 489 491 601 531 
491 541 531 396 491 331 531 487 491 601 531 
491 543 531 397 491 330 531 484 491 601 531 
490 546 532 398 490 328 532 481 490 601 532 
490 548 532 399 490 327 532 478 490 601 532 
490 551 532 400 490 325 532 476 490 600 532 
490 553 532 401 490 324 532 473 490 600 532 
489 555 533 402 489 323 533 470 489 599 533 
489 558 533 403 489 321 533 467 489 599 533 
489 560 533 405 489 320 533 464 489 599 533 
489 562 533 406 489 319 533 462 489 598 533 
489 565 533 407 489 317 533 459 489 598 533 
488 567 534 408 488 316 534 456 488 597 534 
488 569 534 409 488 315 534 453 488 596 534 
488 571 534 411 488 313 534 451 488 596 534 
488 573 534 412 488 312 534 448 488 595 534 
488 575 534 413 488 310 534 445 488 594 534 
488 577 534 415 488 309 534 442 488 594 534 
487 579 535 416 487 308 535 440 487 593 535 
487 581 535 418 487 306 535 437 487 592 535 
487 583 535 419 487 305 535 434 487 591 535 
487 585 535 421 487 303 535 432 487 590 535 
487 587 535 423 487 302 535 429 487 589 535 
487 589 535 424 487 300 535 427 487 588 535 
487 591 535 426 487 299 535 424 487 587 535 
487 593 535 428 487 297 535 422 487 586 535 
486 594 536 429 486 295 536 419 486 585 536 
486 596 536 431 486 294 536 417 486 584 536 
486 598 536 433 486 292 536 414 486 582 536 
486 599 536 435 486 290 536 412 486 581 536 
486 601 536 437 486 288 536 409 486 580 536 
486 603 536 439 486 286 536 407 486 578 536 
486 604 536 441 486 284 536 404 486 577 536 
486 606 536 443 486 282 536 402 486 576 536 
486 607 536 445 486 280 536 400 486 574 536 
486 609 536 447 486 277 536 398 486 573 536 
486 610 536 449 486 274 536 395 486 571 536 
486 611 536 451 486 271 536 393 486 569 536 
486 613 536 453 486 268 536 391 486 568 536 
486 614 536 455 486 265 536 389 486 566 536 
486 615 536 457 486 261 536 387 486 564 536 
486 616 536 460 486 256 536 385 486 563 536 
486 617 536 462 486 250 536 383 486 561 536 
486 619 536 464 486 243 536 381 486 559 536 
486 620 536 467 486 384 536 379 486 557 536 
486 621 536 469 486 384 536 377 486 555 536 
486 622 536 471 486 384 536 375 486 553 536 
486 623 536 474 486 384 536 373 486 551 536 
486 624 536 476 486 384 536 371 486 549 536 
486 625 536 479 486 384 536 369 486 547 536 
486 626 536 481 486 384 536 367 486 545 536 
486 626 536 484 486 385 536 365 486 543 536 
486 627 536 486 486 385 536 364 486 540 536 
486 628 536 489 486 385 536 362 486 538 536 
486 629 536 491 486 385 536 360 486 536 536 
486 630 536 494 486 386 536 358 486 533 536 
486 630 536 497 486 386 536 357 486 531 536 
486 631 536 499 486 386 536 355 486 529 536 
486 632 536 502 486 387 536 353 486 526 536 
486 632 536 504 486 387 536 352 486 524 536 
486 633 536 507 486 388 536 350 486 521 536 
486 633 536 510 486 388 536 349 486 519 536 
487 634 535 512 487 389 535 347 487 516 535 
487 634 535 515 487 389 535 345 487 514 535 
487 635 535 518 487 390 535 344 487 511 535 
487 635 535 520 487 390 535 342 487 508 535 
487 636 535 523 487 391 535 341 487 506 535 
487 636 535 525 487 392 535 339 487 503 535 
487 636 535 528 487 392 535 338 487 500 535 
487 637 535 531 487 393 535 337 487 498 535 
488 637 534 533 488 394 534 335 488 495 534 
488 637 534 536 488 395 534 334 488 492 534 
488 637 534 538 488 396 534 332 488 489 534 
488 638 534 541 488 396 534 331 488 487 534 
488 638 534 543 488 397 534 330 488 484 534 
488 638 534 546 488 398 534 328 488 481 534 
489 638 533 548 489 399 533 327 489 478 533 
489 638 533 551 489 400 533 325 489 476 533 
489 638 533 553 489 401 533 324 489 473 533 
489 638 533 555 489 402 533 323 489 470 533 
489 638 533 558 489 403 533 321 489 467 533 
490 638 532 560 490 405 532 320 490 464 532 
490 638 532 562 490 406 532 319 490 462 532 
490 638 532 565 490 407 532 317 490 459 532 
490 638 532 567 490 408 532 316 490 456 532 
491 638 531 569 491 409 531 315 491 453 531 
491 638 531 571 491 411 531 313 491 451 531 
491 637 531 573 491 412 531 312 491 448 531 
491 637 531 575 491 413 531 310 491 445 531 
492 637 530 577 492 415 530 309 492 442 530 
492 637 530 579 492 416 530 308 492 440 530 
492 636 530 581 492 418 530 306 492 437 530 
493 636 529 583 493 419 529 305 493 434 529 
493 636 529 585 493 421 529 303 493 432 529 
493 635 529 587 493 423 529 302 493 429 529 
494 635 528 589 494 424 528 300 494 427 528 
494 634 528 591 494 426 528 299 494 424 528 
494 634 528 593 494 428 528 297 494 422 528 
495 633 527 594 495 429 527 295 495 419 527 
495 633 527 596 495 431 527 294 495 417 527 
495 632 527 598 495 433 527 292 495 414 527 
496 632 526 599 496 435 526 290 496 412 526 
496 631 526 601 496 437 526 288 496 409 526 
497 630 525 603 497 439 525 286 497 407 525 
497 630 525 604 497 441 525 284 497 404 525 
497 629 525 606 497 443 525 282 497 402 525 
498 628 524 607 498 445 524 280 498 400 524 
498 627 524 609 498 447 524 277 498 398 524 
499 626 523 610 499 449 523 274 499 395 523 
499 626 523 611 499 451 523 271 499 393 523 
499 625 523 613 499 453 523 268 499 391 523 
500 624 522 614 500 455 522 265 500 389 522 
500 623 522 615 500 457 522 261 500 387 522 
501 622 521 616 501 460 521 256 501 385 521 
501 621 521 617 501 462 521 250 501 383 521 
502 620 520 619 502 464 520 243 502 381 520 
502 619 520 620 502 467 520 384 502 379 520 
503 617 519 621 503 469 519 384 503 377 519 
503 616 519 622 503 471 519 384 503 375 519 
504 615 518 623 504 474 518 384 504 373 518 
504 614 518 624 504 476 518 384 504 371 518 
505 613 517 625 505 479 517 384 505 369 517 
505 611 517 626 505 481 517 384 505 367 517 
506 610 516 626 506 484 516 385 506 365 516 
506 609 516 627 506 486 516 385 506 364 516 
507 607 515 628 507 489 515 385 507 362 515 
507 606 515 629 507 491 515 385 507 360 515 
508 604 514 630 508 494 514 386 508 358 514 
508 603 514 630 508 497 514 386 508 357 514 
509 601 513 631 509 499 513 386 509 355 513 
509 599 513 632 509 502 513 387 509 353 513 
510 598 512 632 510 504 512 387 510 352 512 
510 596 512 633 510 507 512 388 510 350 512 
511 594 511 633 511 510 511 388 511 349 511 
511 593 511 634 511 512 511 389 511 347 511 
512 591 510 634 512 515 510 389 512 345 510 
512 589 510 635 512 518 510 390 512 344 510 
513 587 509 635 513 520 509 390 513 342 509 
513 585 509 636 513 523 509 391 513 341 509 
514 583 508 636 514 525 508 392 514 339 508 
514 581 508 636 514 528 508 392 514 338 508 
515 579 507 637 515 531 507 393 515 337 507 
515 577 507 637 515 533 507 394 515 335 507 
516 575 506 637 516 536 506 395 516 334 506 
516 573 506 637 516 538 506 396 516 332 506 
517 571 505 638 517 541 505 396 517 331 505 
517 569 505 638 517 543 505 397 517 330 505 
518 567 504 638 518 546 504 398 518 328 504 
518 565 504 638 518 548 504 399 518 327 504 
519 562 503 638 519 551 503 400 519 325 503 
519 560 503 638 519 553 503 401 519 324 503 
520 558 502 638 520 555 502 402 520 323 502 
520 555 502 638 520 558 502 403 520 321 502 
521 553 501 638 521 560 501 405 521 320 501 
521 551 501 638 521 562 501 406 521 319 501 
522 548 500 638 522 565 500 407 522 317 500 
522 546 500 638 522 567 500 408 522 316 500 
523 543 499 638 523 569 499 409 523 315 499 
523 541 499 638 523 571 499 411 523 313 499 
523 538 499 637 523 573 499 412 523 312 499 
524 536 498 637 524 575 498 413 524 310 498 
524 533 498 637 524 577 498 415 524 309 498 
525 531 497 637 525 579 497 416 525 308 497 
525 528 497 636 525 581 497 418 525 306 497 
525 525 497 636 525 583 497 419 525 305 497 
526 523 496 636 526 585 496 421 526 303 496 
526 520 496 635 526 587 496 423 526 302 496 
527 518 495 635 527 589 495 424 527 300 495 
527 515 495 634 527 591 495 426 527 299 495 
527 512 495 634 527 593 495 428 527 297 495 
528 510 494 633 528 594 494 429 528 295 494 
528 507 494 633 528 596 494 431 528 294 494 
528 504 494 632 528 598 494 433 528 292 494 
529 502 493 632 529 599 493 435 529 290 493 
529 499 493 631 529 601 493 437 529 288 493 
529 497 493 630 529 603 493 439 529 286 493 
530 494 492 630 530 604 492 441 530 284 492 
530 491 492 629 530 606 492 443 530 282 492 
530 489 492 628 530 607 492 445 530 280 492 
531 486 491 627 531 609 491 447 531 277 491 
531 484 491 626 531 610 491 449 531 274 491 
531 481 491 626 531 611 491 451 531 271 491 
531 479 491 625 531 613 491 453 531 268 491 
532 476 490 624 532 614 490 455 532 265 490 
532 474 490 623 532 615 490 457 532 261 490 
532 471 490 622 532 616 490 460 532 256 490 
532 469 490 621 532 617 490 462 532 250 490 
533 467 489 620 533 619 489 464 533 243 489 
