1.00 -0.79 0.00 0.00 1.00 -0.79 0.00 0.00 1.00 -0.79 0.00 0.00 1.00 -0.79 0.00 0.00 1.00 -0.79 0.00 0.00 
2.00 -1.57 0.00 0.00 2.00 -1.57 0.00 0.00 2.00 -1.57 0.00 0.00 2.00 -1.57 0.00 0.00 2.00 -1.57 0.00 0.00 
2.99 -2.36 0.00 0.00 2.99 -2.36 0.00 0.00 2.99 -2.36 0.00 0.00 2.99 -2.36 0.00 0.00 2.99 -2.36 0.00 0.00 
3.99 -3.16 0.00 0.00 3.99 -3.16 0.00 0.00 3.99 -3.16 0.00 0.00 3.99 -3.16 0.00 0.00 3.99 -3.16 0.00 0.00 
4.98 -3.95 0.00 0.00 4.98 -3.95 0.00 0.00 4.98 -3.95 0.00 0.00 4.98 -3.95 0.00 0.00 4.98 -3.95 0.00 0.00 
5.97 -4.75 0.00 0.00 5.97 -4.75 0.00 0.00 5.97 -4.75 0.00 0.00 5.97 -4.75 0.00 0.00 5.97 -4.75 0.00 0.00 
6.95 -5.54 0.00 0.00 6.95 -5.54 0.00 0.00 6.95 -5.54 0.00 0.00 6.95 -5.54 0.00 0.00 6.95 -5.54 0.00 0.00 
7.94 -6.34 0.00 0.00 7.94 -6.34 0.00 0.00 7.94 -6.34 0.00 0.00 7.94 -6.34 0.00 0.00 7.94 -6.34 0.00 0.00 
8.92 -7.14 0.00 0.00 8.92 -7.14 0.00 0.00 8.92 -7.14 0.00 0.00 8.92 -7.14 0.00 0.00 8.92 -7.14 0.00 0.00 
9.90 -7.94 0.00 0.00 9.90 -7.94 0.00 0.00 9.90 -7.94 0.00 0.00 9.90 -7.94 0.00 0.00 9.90 -7.94 0.00 0.00 
10.88 -8.74 0.00 0.00 10.88 -8.74 0.00 0.00 10.88 -8.74 0.00 0.00 10.88 -8.74 0.00 0.00 10.88 -8.74 0.00 0.00 
11.86 -9.54 0.00 0.00 11.86 -9.54 0.00 0.00 11.86 -9.54 0.00 0.00 11.86 -9.54 0.00 0.00 11.86 -9.54 0.00 0.00 
12.83 -10.34 0.00 0.00 12.83 -10.34 0.00 0.00 12.83 -10.34 0.00 0.00 12.83 -10.34 0.00 0.00 12.83 -10.34 0.00 0.00 
13.80 -11.14 0.00 0.00 13.80 -11.14 0.00 0.00 13.80 -11.14 0.00 0.00 13.80 -11.14 0.00 0.00 13.80 -11.14 0.00 0.00 
14.77 -11.94 0.00 0.00 14.77 -11.94 0.00 0.00 14.77 -11.94 0.00 0.00 14.77 -11.94 0.00 0.00 14.77 -11.94 0.00 0.00 
15.74 -12.73 0.00 0.00 15.74 -12.73 0.00 0.00 15.74 -12.73 0.00 0.00 15.74 -12.73 0.00 0.00 15.74 -12.73 0.00 0.00 
16.70 -13.53 0.00 0.00 16.70 -13.53 0.00 0.00 16.70 -13.53 0.00 0.00 16.70 -13.53 0.00 0.00 16.70 -13.53 0.00 0.00 
17.67 -14.33 0.00 0.00 17.67 -14.33 0.00 0.00 17.67 -14.33 0.00 0.00 17.67 -14.33 0.00 0.00 17.67 -14.33 0.00 0.00 
18.63 -15.12 0.00 0.00 18.63 -15.12 0.00 0.00 18.63 -15.12 0.00 0.00 18.63 -15.12 0.00 0.00 18.63 -15.12 0.00 0.00 
19.59 -15.91 0.00 0.00 19.59 -15.91 0.00 0.00 19.59 -15.91 0.00 0.00 19.59 -15.91 0.00 0.00 19.59 -15.91 0.00 0.00 
20.54 -16.70 0.00 0.00 20.54 -16.70 0.00 0.00 20.54 -16.70 0.00 0.00 20.54 -16.70 0.00 0.00 20.54 -16.70 0.00 0.00 
21.50 -17.49 0.00 0.00 21.50 -17.49 0.00 0.00 21.50 -17.49 0.00 0.00 21.50 -17.49 0.00 0.00 21.50 -17.49 0.00 0.00 
22.45 -18.28 0.00 0.00 22.45 -18.28 0.00 0.00 22.45 -18.28 0.00 0.00 22.45 -18.28 0.00 0.00 22.45 -18.28 0.00 0.00 
23.40 -19.06 0.00 0.00 23.40 -19.06 0.00 0.00 23.40 -19.06 0.00 0.00 23.40 -19.06 0.00 0.00 23.40 -19.06 0.00 0.00 
24.35 -19.84 0.00 0.00 24.35 -19.84 0.00 0.00 24.35 -19.84 0.00 0.00 24.35 -19.84 0.00 0.00 24.35 -19.84 0.00 0.00 
25.30 -20.62 0.00 0.00 25.30 -20.62 0.00 0.00 25.30 -20.62 0.00 0.00 25.30 -20.62 0.00 0.00 25.30 -20.62 0.00 0.00 
26.24 -21.39 0.00 0.00 26.24 -21.39 0.00 0.00 26.24 -21.39 0.00 0.00 26.24 -21.39 0.00 0.00 26.24 -21.39 0.00 0.00 
27.19 -22.16 0.00 0.00 27.19 -22.16 0.00 0.00 27.19 -22.16 0.00 0.00 27.19 -22.16 0.00 0.00 27.19 -22.16 0.00 0.00 
28.13 -22.93 0.00 0.00 28.13 -22.93 0.00 0.00 28.13 -22.93 0.00 0.00 28.13 -22.93 0.00 0.00 28.13 -22.93 0.00 0.00 
29.07 -23.69 0.00 0.00 29.07 -23.69 0.00 0.00 29.07 -23.69 0.00 0.00 29.07 -23.69 0.00 0.00 29.07 -23.69 0.00 0.00 
30.01 -24.45 0.00 0.00 30.01 -24.45 0.00 0.00 30.01 -24.45 0.00 0.00 30.01 -24.45 0.00 0.00 30.01 -24.45 0.00 0.00 
30.94 -25.20 0.00 0.00 30.94 -25.20 0.00 0.00 30.94 -25.20 0.00 0.00 30.94 -25.20 0.00 0.00 30.94 -25.20 0.00 0.00 
31.88 -25.95 0.00 0.00 31.88 -25.95 0.00 0.00 31.88 -25.95 0.00 0.00 31.88 -25.95 0.00 0.00 31.88 -25.95 0.00 0.00 
32.81 -26.70 0.00 0.00 32.81 -26.70 0.00 0.00 32.81 -26.70 0.00 0.00 32.81 -26.70 0.00 0.00 32.81 -26.70 0.00 0.00 
33.74 -27.44 0.00 0.00 33.74 -27.44 0.00 0.00 33.74 -27.44 0.00 0.00 33.74 -27.44 0.00 0.00 33.74 -27.44 0.00 0.00 
34.67 -28.17 0.00 0.00 34.67 -28.17 0.00 0.00 34.67 -28.17 0.00 0.00 34.67 -28.17 0.00 0.00 34.67 -28.17 0.00 0.00 
35.60 -28.90 0.00 0.00 35.60 -28.90 0.00 0.00 35.60 -28.90 0.00 0.00 35.60 -28.90 0.00 0.00 35.60 -28.90 0.00 0.00 
36.52 -29.62 0.00 0.00 36.52 -29.62 0.00 0.00 36.52 -29.62 0.00 0.00 36.52 -29.62 0.00 0.00 36.52 -29.62 0.00 0.00 
37.45 -30.34 0.00 0.00 37.45 -30.34 0.00 0.00 37.45 -30.34 0.00 0.00 37.45 -30.34 0.00 0.00 37.45 -30.34 0.00 0.00 
38.37 -31.05 0.00 0.00 38.37 -31.05 0.00 0.00 38.37 -31.05 0.00 0.00 38.37 -31.05 0.00 0.00 38.37 -31.05 0.00 0.00 
39.29 -31.76 0.00 0.00 39.29 -31.76 0.00 0.00 39.29 -31.76 0.00 0.00 39.29 -31.76 0.00 0.00 39.29 -31.76 0.00 0.00 
40.21 -32.46 0.00 0.00 40.21 -32.46 0.00 0.00 40.21 -32.46 0.00 0.00 40.21 -32.46 0.00 0.00 40.21 -32.46 0.00 0.00 
41.13 -33.15 0.00 0.00 41.13 -33.15 0.00 0.00 41.13 -33.15 0.00 0.00 41.13 -33.15 0.00 0.00 41.13 -33.15 0.00 0.00 
42.05 -33.84 0.00 0.00 42.05 -33.84 0.00 0.00 42.05 -33.84 0.00 0.00 42.05 -33.84 0.00 0.00 42.05 -33.84 0.00 0.00 
42.97 -34.52 0.00 0.00 42.97 -34.52 0.00 0.00 42.97 -34.52 0.00 0.00 42.97 -34.52 0.00 0.00 42.97 -34.52 0.00 0.00 
43.88 -35.19 0.00 0.00 43.88 -35.19 0.00 0.00 43.88 -35.19 0.00 0.00 43.88 -35.19 0.00 0.00 43.88 -35.19 0.00 0.00 
44.80 -35.85 0.00 0.00 44.80 -35.85 0.00 0.00 44.80 -35.85 0.00 0.00 44.80 -35.85 0.00 0.00 44.80 -35.85 0.00 0.00 
45.71 -36.51 0.00 0.00 45.71 -36.51 0.00 0.00 45.71 -36.51 0.00 0.00 45.71 -36.51 0.00 0.00 45.71 -36.51 0.00 0.00 
46.62 -37.16 0.00 0.00 46.62 -37.16 0.00 0.00 46.62 -37.16 0.00 0.00 46.62 -37.16 0.00 0.00 46.62 -37.16 0.00 0.00 
47.53 -37.80 0.00 0.00 47.53 -37.80 0.00 0.00 47.53 -37.80 0.00 0.00 47.53 -37.80 0.00 0.00 47.53 -37.80 0.00 0.00 
48.44 -38.44 0.00 0.00 48.44 -38.44 0.00 0.00 48.44 -38.44 0.00 0.00 48.44 -38.44 0.00 0.00 48.44 -38.44 0.00 0.00 
49.35 -39.06 0.00 0.00 49.35 -39.06 0.00 0.00 49.35 -39.06 0.00 0.00 49.35 -39.06 0.00 0.00 49.35 -39.06 0.00 0.00 
50.26 -39.68 0.00 0.00 50.26 -39.68 0.00 0.00 50.26 -39.68 0.00 0.00 50.26 -39.68 0.00 0.00 50.26 -39.68 0.00 0.00 
51.17 -40.29 0.00 0.00 51.17 -40.29 0.00 0.00 51.17 -40.29 0.00 0.00 51.17 -40.29 0.00 0.00 51.17 -40.29 0.00 0.00 
52.07 -40.89 0.00 0.00 52.07 -40.89 0.00 0.00 52.07 -40.89 0.00 0.00 52.07 -40.89 0.00 0.00 52.07 -40.89 0.00 0.00 
52.98 -41.49 0.00 0.00 52.98 -41.49 0.00 0.00 52.98 -41.49 0.00 0.00 52.98 -41.49 0.00 0.00 52.98 -41.49 0.00 0.00 
53.88 -42.07 0.00 0.00 53.88 -42.07 0.00 0.00 53.88 -42.07 0.00 0.00 53.88 -42.07 0.00 0.00 53.88 -42.07 0.00 0.00 
54.79 -42.65 0.00 0.00 54.79 -42.65 0.00 0.00 54.79 -42.65 0.00 0.00 54.79 -42.65 0.00 0.00 54.79 -42.65 0.00 0.00 
55.69 -43.21 0.00 0.00 55.69 -43.21 0.00 0.00 55.69 -43.21 0.00 0.00 55.69 -43.21 0.00 0.00 55.69 -43.21 0.00 0.00 
56.59 -43.77 0.00 0.00 56.59 -43.77 0.00 0.00 56.59 -43.77 0.00 0.00 56.59 -43.77 0.00 0.00 56.59 -43.77 0.00 0.00 
57.49 -44.32 0.00 0.00 57.49 -44.32 0.00 0.00 57.49 -44.32 0.00 0.00 57.49 -44.32 0.00 0.00 57.49 -44.32 0.00 0.00 
58.40 -44.86 0.00 0.00 58.40 -44.86 0.00 0.00 58.40 -44.86 0.00 0.00 58.40 -44.86 0.00 0.00 58.40 -44.86 0.00 0.00 
59.30 -45.39 0.00 0.00 59.30 -45.39 0.00 0.00 59.30 -45.39 0.00 0.00 59.30 -45.39 0.00 0.00 59.30 -45.39 0.00 0.00 
60.20 -45.91 0.00 0.00 60.20 -45.91 0.00 0.00 60.20 -45.91 0.00 0.00 60.20 -45.91 0.00 0.00 60.20 -45.91 0.00 0.00 
61.10 -46.42 0.00 0.00 61.10 -46.42 0.00 0.00 61.10 -46.42 0.00 0.00 61.10 -46.42 0.00 0.00 61.10 -46.42 0.00 0.00 
62.00 -46.92 0.00 0.00 62.00 -46.92 0.00 0.00 62.00 -46.92 0.00 0.00 62.00 -46.92 0.00 0.00 62.00 -46.92 0.00 0.00 
62.90 -47.41 0.00 0.00 62.90 -47.41 0.00 0.00 62.90 -47.41 0.00 0.00 62.90 -47.41 0.00 0.00 62.90 -47.41 0.00 0.00 
63.80 -47.90 0.00 0.00 63.80 -47.90 0.00 0.00 63.80 -47.90 0.00 0.00 63.80 -47.90 0.00 0.00 63.80 -47.90 0.00 0.00 
64.70 -48.37 0.00 0.00 64.70 -48.37 0.00 0.00 64.70 -48.37 0.00 0.00 64.70 -48.37 0.00 0.00 64.70 -48.37 0.00 0.00 
65.60 -48.83 0.00 0.00 65.60 -48.83 0.00 0.00 65.60 -48.83 0.00 0.00 65.60 -48.83 0.00 0.00 65.60 -48.83 0.00 0.00 
66.50 -49.28 0.00 0.00 66.50 -49.28 0.00 0.00 66.50 -49.28 0.00 0.00 66.50 -49.28 0.00 0.00 66.50 -49.28 0.00 0.00 
67.40 -49.72 0.00 0.00 67.40 -49.72 0.00 0.00 67.40 -49.72 0.00 0.00 67.40 -49.72 0.00 0.00 67.40 -49.72 0.00 0.00 
68.31 -50.15 0.00 0.00 68.31 -50.15 0.00 0.00 68.31 -50.15 0.00 0.00 68.31 -50.15 0.00 0.00 68.31 -50.15 0.00 0.00 
69.21 -50.57 0.00 0.00 69.21 -50.57 0.00 0.00 69.21 -50.57 0.00 0.00 69.21 -50.57 0.00 0.00 69.21 -50.57 0.00 0.00 
70.11 -50.98 0.00 0.00 70.11 -50.98 0.00 0.00 70.11 -50.98 0.00 0.00 70.11 -50.98 0.00 0.00 70.11 -50.98 0.00 0.00 
71.01 -51.38 0.00 0.00 71.01 -51.38 0.00 0.00 71.01 -51.38 0.00 0.00 71.01 -51.38 0.00 0.00 71.01 -51.38 0.00 0.00 
71.91 -51.77 0.00 0.00 71.91 -51.77 0.00 0.00 71.91 -51.77 0.00 0.00 71.91 -51.77 0.00 0.00 71.91 -51.77 0.00 0.00 
72.81 -52.15 0.00 0.00 72.81 -52.15 0.00 0.00 72.81 -52.15 0.00 0.00 72.81 -52.15 0.00 0.00 72.81 -52.15 0.00 0.00 
73.72 -52.52 0.00 0.00 73.72 -52.52 0.00 0.00 73.72 -52.52 0.00 0.00 73.72 -52.52 0.00 0.00 73.72 -52.52 0.00 0.00 
74.62 -52.88 0.00 0.00 74.62 -52.88 0.00 0.00 74.62 -52.88 0.00 0.00 74.62 -52.88 0.00 0.00 74.62 -52.88 0.00 0.00 
75.52 -53.22 0.00 0.00 75.52 -53.22 0.00 0.00 75.52 -53.22 0.00 0.00 75.52 -53.22 0.00 0.00 75.52 -53.22 0.00 0.00 
76.43 -53.56 0.00 0.00 76.43 -53.56 0.00 0.00 76.43 -53.56 0.00 0.00 76.43 -53.56 0.00 0.00 76.43 -53.56 0.00 0.00 
77.33 -53.89 0.00 0.00 77.33 -53.89 0.00 0.00 77.33 -53.89 0.00 0.00 77.33 -53.89 0.00 0.00 77.33 -53.89 0.00 0.00 
78.24 -54.20 0.00 0.00 78.24 -54.20 0.00 0.00 78.24 -54.20 0.00 0.00 78.24 -54.20 0.00 0.00 78.24 -54.20 0.00 0.00 
79.14 -54.50 0.00 0.00 79.14 -54.50 0.00 0.00 79.14 -54.50 0.00 0.00 79.14 -54.50 0.00 0.00 79.14 -54.50 0.00 0.00 
80.05 -54.80 0.00 0.00 80.05 -54.80 0.00 0.00 80.05 -54.80 0.00 0.00 80.05 -54.80 0.00 0.00 80.05 -54.80 0.00 0.00 
80.96 -55.08 0.00 0.00 80.96 -55.08 0.00 0.00 80.96 -55.08 0.00 0.00 80.96 -55.08 0.00 0.00 80.96 -55.08 0.00 0.00 
81.87 -55.35 0.00 0.00 81.87 -55.35 0.00 0.00 81.87 -55.35 0.00 0.00 81.87 -55.35 0.00 0.00 81.87 -55.35 0.00 0.00 
82.78 -55.61 0.00 0.00 82.78 -55.61 0.00 0.00 82.78 -55.61 0.00 0.00 82.78 -55.61 0.00 0.00 82.78 -55.61 0.00 0.00 
83.69 -55.86 0.00 0.00 83.69 -55.86 0.00 0.00 83.69 -55.86 0.00 0.00 83.69 -55.86 0.00 0.00 83.69 -55.86 0.00 0.00 
84.61 -56.10 0.00 0.00 84.61 -56.10 0.00 0.00 84.61 -56.10 0.00 0.00 84.61 -56.10 0.00 0.00 84.61 -56.10 0.00 0.00 
85.52 -56.33 0.00 0.00 85.52 -56.33 0.00 0.00 85.52 -56.33 0.00 0.00 85.52 -56.33 0.00 0.00 85.52 -56.33 0.00 0.00 
86.43 -56.55 0.00 0.00 86.43 -56.55 0.00 0.00 86.43 -56.55 0.00 0.00 86.43 -56.55 0.00 0.00 86.43 -56.55 0.00 0.00 
87.35 -56.75 0.00 0.00 87.35 -56.75 0.00 0.00 87.35 -56.75 0.00 0.00 87.35 -56.75 0.00 0.00 87.35 -56.75 0.00 0.00 
88.27 -56.95 0.00 0.00 88.27 -56.95 0.00 0.00 88.27 -56.95 0.00 0.00 88.27 -56.95 0.00 0.00 88.27 -56.95 0.00 0.00 
89.19 -57.14 0.00 0.00 89.19 -57.14 0.00 0.00 89.19 -57.14 0.00 0.00 89.19 -57.14 0.00 0.00 89.19 -57.14 0.00 0.00 
90.11 -57.31 0.00 0.00 90.11 -57.31 0.00 0.00 90.11 -57.31 0.00 0.00 90.11 -57.31 0.00 0.00 90.11 -57.31 0.00 0.00 
91.03 -57.47 0.00 0.00 91.03 -57.47 0.00 0.00 91.03 -57.47 0.00 0.00 91.03 -57.47 0.00 0.00 91.03 -57.47 0.00 0.00 
91.95 -57.63 0.00 0.00 91.95 -57.63 0.00 0.00 91.95 -57.63 0.00 0.00 91.95 -57.63 0.00 0.00 91.95 -57.63 0.00 0.00 
92.88 -57.77 0.00 0.00 92.88 -57.77 0.00 0.00 92.88 -57.77 0.00 0.00 92.88 -57.77 0.00 0.00 92.88 -57.77 0.00 0.00 
93.80 -57.90 0.00 0.00 93.80 -57.90 0.00 0.00 93.80 -57.90 0.00 0.00 93.80 -57.90 0.00 0.00 93.80 -57.90 0.00 0.00 
94.73 -58.03 0.00 0.00 94.73 -58.03 0.00 0.00 94.73 -58.03 0.00 0.00 94.73 -58.03 0.00 0.00 94.73 -58.03 0.00 0.00 
95.66 -58.14 0.00 0.00 95.66 -58.14 0.00 0.00 95.66 -58.14 0.00 0.00 95.66 -58.14 0.00 0.00 95.66 -58.14 0.00 0.00 
96.59 -58.24 0.00 0.00 96.59 -58.24 0.00 0.00 96.59 -58.24 0.00 0.00 96.59 -58.24 0.00 0.00 96.59 -58.24 0.00 0.00 
97.53 -58.33 0.00 0.00 97.53 -58.33 0.00 0.00 97.53 -58.33 0.00 0.00 97.53 -58.33 0.00 0.00 97.53 -58.33 0.00 0.00 
98.46 -58.41 0.00 0.00 98.46 -58.41 0.00 0.00 98.46 -58.41 0.00 0.00 98.46 -58.41 0.00 0.00 98.46 -58.41 0.00 0.00 
99.40 -58.48 0.00 0.00 99.40 -58.48 0.00 0.00 99.40 -58.48 0.00 0.00 99.40 -58.48 0.00 0.00 99.40 -58.48 0.00 0.00 
100.34 -58.55 0.00 0.00 100.34 -58.55 0.00 0.00 100.34 -58.55 0.00 0.00 100.34 -58.55 0.00 0.00 100.34 -58.55 0.00 0.00 
101.28 -58.60 0.00 0.00 101.28 -58.60 0.00 0.00 101.28 -58.60 0.00 0.00 101.28 -58.60 0.00 0.00 101.28 -58.60 0.00 0.00 
102.22 -58.64 0.00 0.00 102.22 -58.64 0.00 0.00 102.22 -58.64 0.00 0.00 102.22 -58.64 0.00 0.00 102.22 -58.64 0.00 0.00 
103.17 -58.67 0.00 0.00 103.17 -58.67 0.00 0.00 103.17 -58.67 0.00 0.00 103.17 -58.67 0.00 0.00 103.17 -58.67 0.00 0.00 
104.12 -58.69 0.00 0.00 104.12 -58.69 0.00 0.00 104.12 -58.69 0.00 0.00 104.12 -58.69 0.00 0.00 104.12 -58.69 0.00 0.00 
105.06 -58.71 0.00 0.00 105.06 -58.71 0.00 0.00 105.06 -58.71 0.00 0.00 105.06 -58.71 0.00 0.00 105.06 -58.71 0.00 0.00 
106.02 -58.71 0.00 0.00 106.02 -58.71 0.00 0.00 106.02 -58.71 0.00 0.00 106.02 -58.71 0.00 0.00 106.02 -58.71 0.00 0.00 
106.97 -58.70 0.00 0.00 106.97 -58.70 0.00 0.00 106.97 -58.70 0.00 0.00 106.97 -58.70 0.00 0.00 106.97 -58.70 0.00 0.00 
107.92 -58.69 0.00 0.00 107.92 -58.69 0.00 0.00 107.92 -58.69 0.00 0.00 107.92 -58.69 0.00 0.00 107.92 -58.69 0.00 0.00 
108.88 -58.66 0.00 0.00 108.88 -58.66 0.00 0.00 108.88 -58.66 0.00 0.00 108.88 -58.66 0.00 0.00 108.88 -58.66 0.00 0.00 
109.84 -58.63 0.00 0.00 109.84 -58.63 0.00 0.00 109.84 -58.63 0.00 0.00 109.84 -58.63 0.00 0.00 109.84 -58.63 0.00 0.00 
110.80 -58.59 0.00 0.00 110.80 -58.59 0.00 0.00 110.80 -58.59 0.00 0.00 110.80 -58.59 0.00 0.00 110.80 -58.59 0.00 0.00 
111.77 -58.54 0.00 0.00 111.77 -58.54 0.00 0.00 111.77 -58.54 0.00 0.00 111.77 -58.54 0.00 0.00 111.77 -58.54 0.00 0.00 
112.73 -58.48 0.00 0.00 112.73 -58.48 0.00 0.00 112.73 -58.48 0.00 0.00 112.73 -58.48 0.00 0.00 112.73 -58.48 0.00 0.00 
113.70 -58.41 0.00 0.00 113.70 -58.41 0.00 0.00 113.70 -58.41 0.00 0.00 113.70 -58.41 0.00 0.00 113.70 -58.41 0.00 0.00 
114.68 -58.33 0.00 0.00 114.68 -58.33 0.00 0.00 114.68 -58.33 0.00 0.00 114.68 -58.33 0.00 0.00 114.68 -58.33 0.00 0.00 
115.65 -58.25 0.00 0.00 115.65 -58.25 0.00 0.00 115.65 -58.25 0.00 0.00 115.65 -58.25 0.00 0.00 115.65 -58.25 0.00 0.00 
116.63 -58.16 0.00 0.00 116.63 -58.16 0.00 0.00 116.63 -58.16 0.00 0.00 116.63 -58.16 0.00 0.00 116.63 -58.16 0.00 0.00 
117.60 -58.06 0.00 0.00 117.60 -58.06 0.00 0.00 117.60 -58.06 0.00 0.00 117.60 -58.06 0.00 0.00 117.60 -58.06 0.00 0.00 
118.58 -57.95 0.00 0.00 118.58 -57.95 0.00 0.00 118.58 -57.95 0.00 0.00 118.58 -57.95 0.00 0.00 118.58 -57.95 0.00 0.00 
119.57 -57.84 0.00 0.00 119.57 -57.84 0.00 0.00 119.57 -57.84 0.00 0.00 119.57 -57.84 0.00 0.00 119.57 -57.84 0.00 0.00 
120.55 -57.71 0.00 0.00 120.55 -57.71 0.00 0.00 120.55 -57.71 0.00 0.00 120.55 -57.71 0.00 0.00 120.55 -57.71 0.00 0.00 
121.54 -57.58 0.00 0.00 121.54 -57.58 0.00 0.00 121.54 -57.58 0.00 0.00 121.54 -57.58 0.00 0.00 121.54 -57.58 0.00 0.00 
122.53 -57.45 0.00 0.00 122.53 -57.45 0.00 0.00 122.53 -57.45 0.00 0.00 122.53 -57.45 0.00 0.00 122.53 -57.45 0.00 0.00 
123.53 -57.30 0.00 0.00 123.53 -57.30 0.00 0.00 123.53 -57.30 0.00 0.00 123.53 -57.30 0.00 0.00 123.53 -57.30 0.00 0.00 
124.52 -57.15 0.00 0.00 124.52 -57.15 0.00 0.00 124.52 -57.15 0.00 0.00 124.52 -57.15 0.00 0.00 124.52 -57.15 0.00 0.00 
125.52 -57.00 0.00 0.00 125.52 -57.00 0.00 0.00 125.52 -57.00 0.00 0.00 125.52 -57.00 0.00 0.00 125.52 -57.00 0.00 0.00 
126.52 -56.83 0.00 0.00 126.52 -56.83 0.00 0.00 126.52 -56.83 0.00 0.00 126.52 -56.83 0.00 0.00 126.52 -56.83 0.00 0.00 
127.52 -56.66 0.00 0.00 127.52 -56.66 0.00 0.00 127.52 -56.66 0.00 0.00 127.52 -56.66 0.00 0.00 127.52 -56.66 0.00 0.00 
128.53 -56.49 0.00 0.00 128.53 -56.49 0.00 0.00 128.53 -56.49 0.00 0.00 128.53 -56.49 0.00 0.00 128.53 -56.49 0.00 0.00 
129.54 -56.31 0.00 0.00 129.54 -56.31 0.00 0.00 129.54 -56.31 0.00 0.00 129.54 -56.31 0.00 0.00 129.54 -56.31 0.00 0.00 
130.55 -56.12 0.00 0.00 130.55 -56.12 0.00 0.00 130.55 -56.12 0.00 0.00 130.55 -56.12 0.00 0.00 130.55 -56.12 0.00 0.00 
131.56 -55.93 0.00 0.00 131.56 -55.93 0.00 0.00 131.56 -55.93 0.00 0.00 131.56 -55.93 0.00 0.00 131.56 -55.93 0.00 0.00 
132.58 -55.73 0.00 0.00 132.58 -55.73 0.00 0.00 132.58 -55.73 0.00 0.00 132.58 -55.73 0.00 0.00 132.58 -55.73 0.00 0.00 
133.60 -55.53 0.00 0.00 133.60 -55.53 0.00 0.00 133.60 -55.53 0.00 0.00 133.60 -55.53 0.00 0.00 133.60 -55.53 0.00 0.00 
134.62 -55.32 0.00 0.00 134.62 -55.32 0.00 0.00 134.62 -55.32 0.00 0.00 134.62 -55.32 0.00 0.00 134.62 -55.32 0.00 0.00 
135.64 -55.11 0.00 0.00 135.64 -55.11 0.00 0.00 135.64 -55.11 0.00 0.00 135.64 -55.11 0.00 0.00 135.64 -55.11 0.00 0.00 
136.67 -54.89 0.00 0.00 136.67 -54.89 0.00 0.00 136.67 -54.89 0.00 0.00 136.67 -54.89 0.00 0.00 136.67 -54.89 0.00 0.00 
137.70 -54.67 0.00 0.00 137.70 -54.67 0.00 0.00 137.70 -54.67 0.00 0.00 137.70 -54.67 0.00 0.00 137.70 -54.67 0.00 0.00 
138.73 -54.45 0.00 0.00 138.73 -54.45 0.00 0.00 138.73 -54.45 0.00 0.00 138.73 -54.45 0.00 0.00 138.73 -54.45 0.00 0.00 
139.76 -54.22 0.00 0.00 139.76 -54.22 0.00 0.00 139.76 -54.22 0.00 0.00 139.76 -54.22 0.00 0.00 139.76 -54.22 0.00 0.00 
140.80 -53.99 0.00 0.00 140.80 -53.99 0.00 0.00 140.80 -53.99 0.00 0.00 140.80 -53.99 0.00 0.00 140.80 -53.99 0.00 0.00 
141.83 -53.75 0.00 0.00 141.83 -53.75 0.00 0.00 141.83 -53.75 0.00 0.00 141.83 -53.75 0.00 0.00 141.83 -53.75 0.00 0.00 
142.87 -53.51 0.00 0.00 142.87 -53.51 0.00 0.00 142.87 -53.51 0.00 0.00 142.87 -53.51 0.00 0.00 142.87 -53.51 0.00 0.00 
143.92 -53.27 0.00 0.00 143.92 -53.27 0.00 0.00 143.92 -53.27 0.00 0.00 143.92 -53.27 0.00 0.00 143.92 -53.27 0.00 0.00 
144.96 -53.03 0.00 0.00 144.96 -53.03 0.00 0.00 144.96 -53.03 0.00 0.00 144.96 -53.03 0.00 0.00 144.96 -53.03 0.00 0.00 
146.01 -52.78 0.00 0.00 146.01 -52.78 0.00 0.00 146.01 -52.78 0.00 0.00 146.01 -52.78 0.00 0.00 146.01 -52.78 0.00 0.00 
147.06 -52.53 0.00 0.00 147.06 -52.53 0.00 0.00 147.06 -52.53 0.00 0.00 147.06 -52.53 0.00 0.00 147.06 -52.53 0.00 0.00 
148.11 -52.28 0.00 0.00 148.11 -52.28 0.00 0.00 148.11 -52.28 0.00 0.00 148.11 -52.28 0.00 0.00 148.11 -52.28 0.00 0.00 
149.17 -52.03 0.00 0.00 149.17 -52.03 0.00 0.00 149.17 -52.03 0.00 0.00 149.17 -52.03 0.00 0.00 149.17 -52.03 0.00 0.00 
150.22 -51.78 0.00 0.00 150.22 -51.78 0.00 0.00 150.22 -51.78 0.00 0.00 150.22 -51.78 0.00 0.00 150.22 -51.78 0.00 0.00 
151.28 -51.52 0.00 0.00 151.28 -51.52 0.00 0.00 151.28 -51.52 0.00 0.00 151.28 -51.52 0.00 0.00 151.28 -51.52 0.00 0.00 
152.34 -51.27 0.00 0.00 152.34 -51.27 0.00 0.00 152.34 -51.27 0.00 0.00 152.34 -51.27 0.00 0.00 152.34 -51.27 0.00 0.00 
153.41 -51.01 0.00 0.00 153.41 -51.01 0.00 0.00 153.41 -51.01 0.00 0.00 153.41 -51.01 0.00 0.00 153.41 -51.01 0.00 0.00 
154.47 -50.75 0.00 0.00 154.47 -50.75 0.00 0.00 154.47 -50.75 0.00 0.00 154.47 -50.75 0.00 0.00 154.47 -50.75 0.00 0.00 
155.54 -50.50 0.00 0.00 155.54 -50.50 0.00 0.00 155.54 -50.50 0.00 0.00 155.54 -50.50 0.00 0.00 155.54 -50.50 0.00 0.00 
156.61 -50.24 0.00 0.00 156.61 -50.24 0.00 0.00 156.61 -50.24 0.00 0.00 156.61 -50.24 0.00 0.00 156.61 -50.24 0.00 0.00 
157.68 -49.98 0.00 0.00 157.68 -49.98 0.00 0.00 157.68 -49.98 0.00 0.00 157.68 -49.98 0.00 0.00 157.68 -49.98 0.00 0.00 
158.75 -49.73 0.00 0.00 158.75 -49.73 0.00 0.00 158.75 -49.73 0.00 0.00 158.75 -49.73 0.00 0.00 158.75 -49.73 0.00 0.00 
159.83 -49.47 0.00 0.00 159.83 -49.47 0.00 0.00 159.83 -49.47 0.00 0.00 159.83 -49.47 0.00 0.00 159.83 -49.47 0.00 0.00 
160.90 -49.21 0.00 0.00 160.90 -49.21 0.00 0.00 160.90 -49.21 0.00 0.00 160.90 -49.21 0.00 0.00 160.90 -49.21 0.00 0.00 
161.98 -48.96 0.00 0.00 161.98 -48.96 0.00 0.00 161.98 -48.96 0.00 0.00 161.98 -48.96 0.00 0.00 161.98 -48.96 0.00 0.00 
163.06 -48.71 0.00 0.00 163.06 -48.71 0.00 0.00 163.06 -48.71 0.00 0.00 163.06 -48.71 0.00 0.00 163.06 -48.71 0.00 0.00 
164.14 -48.46 0.00 0.00 164.14 -48.46 0.00 0.00 164.14 -48.46 0.00 0.00 164.14 -48.46 0.00 0.00 164.14 -48.46 0.00 0.00 
165.23 -48.21 0.00 0.00 165.23 -48.21 0.00 0.00 165.23 -48.21 0.00 0.00 165.23 -48.21 0.00 0.00 165.23 -48.21 0.00 0.00 
166.31 -47.96 0.00 0.00 166.31 -47.96 0.00 0.00 166.31 -47.96 0.00 0.00 166.31 -47.96 0.00 0.00 166.31 -47.96 0.00 0.00 
167.40 -47.71 0.00 0.00 167.40 -47.71 0.00 0.00 167.40 -47.71 0.00 0.00 167.40 -47.71 0.00 0.00 167.40 -47.71 0.00 0.00 
168.48 -47.47 0.00 0.00 168.48 -47.47 0.00 0.00 168.48 -47.47 0.00 0.00 168.48 -47.47 0.00 0.00 168.48 -47.47 0.00 0.00 
169.57 -47.23 0.00 0.00 169.57 -47.23 0.00 0.00 169.57 -47.23 0.00 0.00 169.57 -47.23 0.00 0.00 169.57 -47.23 0.00 0.00 
170.66 -47.00 0.00 0.00 170.66 -47.00 0.00 0.00 170.66 -47.00 0.00 0.00 170.66 -47.00 0.00 0.00 170.66 -47.00 0.00 0.00 
171.75 -46.76 0.00 0.00 171.75 -46.76 0.00 0.00 171.75 -46.76 0.00 0.00 171.75 -46.76 0.00 0.00 171.75 -46.76 0.00 0.00 
172.85 -46.53 0.00 0.00 172.85 -46.53 0.00 0.00 172.85 -46.53 0.00 0.00 172.85 -46.53 0.00 0.00 172.85 -46.53 0.00 0.00 
173.94 -46.31 0.00 0.00 173.94 -46.31 0.00 0.00 173.94 -46.31 0.00 0.00 173.94 -46.31 0.00 0.00 173.94 -46.31 0.00 0.00 
175.04 -46.09 0.00 0.00 175.04 -46.09 0.00 0.00 175.04 -46.09 0.00 0.00 175.04 -46.09 0.00 0.00 175.04 -46.09 0.00 0.00 
176.13 -45.87 0.00 0.00 176.13 -45.87 0.00 0.00 176.13 -45.87 0.00 0.00 176.13 -45.87 0.00 0.00 176.13 -45.87 0.00 0.00 
177.23 -45.66 0.00 0.00 177.23 -45.66 0.00 0.00 177.23 -45.66 0.00 0.00 177.23 -45.66 0.00 0.00 177.23 -45.66 0.00 0.00 
178.33 -45.45 0.00 0.00 178.33 -45.45 0.00 0.00 178.33 -45.45 0.00 0.00 178.33 -45.45 0.00 0.00 178.33 -45.45 0.00 0.00 
179.42 -45.25 0.00 0.00 179.42 -45.25 0.00 0.00 179.42 -45.25 0.00 0.00 179.42 -45.25 0.00 0.00 179.42 -45.25 0.00 0.00 
180.52 -45.05 0.00 0.00 180.52 -45.05 0.00 0.00 180.52 -45.05 0.00 0.00 180.52 -45.05 0.00 0.00 180.52 -45.05 0.00 0.00 
181.62 -44.86 0.00 0.00 181.62 -44.86 0.00 0.00 181.62 -44.86 0.00 0.00 181.62 -44.86 0.00 0.00 181.62 -44.86 0.00 0.00 
182.72 -44.68 0.00 0.00 182.72 -44.68 0.00 0.00 182.72 -44.68 0.00 0.00 182.72 -44.68 0.00 0.00 182.72 -44.68 0.00 0.00 
183.82 -44.50 0.00 0.00 183.82 -44.50 0.00 0.00 183.82 -44.50 0.00 0.00 183.82 -44.50 0.00 0.00 183.82 -44.50 0.00 0.00 
184.92 -44.32 0.00 0.00 184.92 -44.32 0.00 0.00 184.92 -44.32 0.00 0.00 184.92 -44.32 0.00 0.00 184.92 -44.32 0.00 0.00 
186.02 -44.16 0.00 0.00 186.02 -44.16 0.00 0.00 186.02 -44.16 0.00 0.00 186.02 -44.16 0.00 0.00 186.02 -44.16 0.00 0.00 
187.12 -44.00 0.00 0.00 187.12 -44.00 0.00 0.00 187.12 -44.00 0.00 0.00 187.12 -44.00 0.00 0.00 187.12 -44.00 0.00 0.00 
188.23 -43.85 0.00 0.00 188.23 -43.85 0.00 0.00 188.23 -43.85 0.00 0.00 188.23 -43.85 0.00 0.00 188.23 -43.85 0.00 0.00 
189.33 -43.70 0.00 0.00 189.33 -43.70 0.00 0.00 189.33 -43.70 0.00 0.00 189.33 -43.70 0.00 0.00 189.33 -43.70 0.00 0.00 
190.43 -43.56 0.00 0.00 190.43 -43.56 0.00 0.00 190.43 -43.56 0.00 0.00 190.43 -43.56 0.00 0.00 190.43 -43.56 0.00 0.00 
191.53 -43.44 0.00 0.00 191.53 -43.44 0.00 0.00 191.53 -43.44 0.00 0.00 191.53 -43.44 0.00 0.00 191.53 -43.44 0.00 0.00 
192.63 -43.31 0.00 0.00 192.63 -43.31 0.00 0.00 192.63 -43.31 0.00 0.00 192.63 -43.31 0.00 0.00 192.63 -43.31 0.00 0.00 
193.73 -43.20 0.00 0.00 193.73 -43.20 0.00 0.00 193.73 -43.20 0.00 0.00 193.73 -43.20 0.00 0.00 193.73 -43.20 0.00 0.00 
194.83 -43.10 0.00 0.00 194.83 -43.10 0.00 0.00 194.83 -43.10 0.00 0.00 194.83 -43.10 0.00 0.00 194.83 -43.10 0.00 0.00 
195.93 -43.00 0.00 0.00 195.93 -43.00 0.00 0.00 195.93 -43.00 0.00 0.00 195.93 -43.00 0.00 0.00 195.93 -43.00 0.00 0.00 
197.03 -42.91 0.00 0.00 197.03 -42.91 0.00 0.00 197.03 -42.91 0.00 0.00 197.03 -42.91 0.00 0.00 197.03 -42.91 0.00 0.00 
198.12 -42.84 0.00 0.00 198.12 -42.84 0.00 0.00 198.12 -42.84 0.00 0.00 198.12 -42.84 0.00 0.00 198.12 -42.84 0.00 0.00 
199.22 -42.77 0.00 0.00 199.22 -42.77 0.00 0.00 199.22 -42.77 0.00 0.00 199.22 -42.77 0.00 0.00 199.22 -42.77 0.00 0.00 
200.32 -42.71 0.00 0.00 200.32 -42.71 0.00 0.00 200.32 -42.71 0.00 0.00 200.32 -42.71 0.00 0.00 200.32 -42.71 0.00 0.00 
201.41 -42.66 0.00 0.00 201.41 -42.66 0.00 0.00 201.41 -42.66 0.00 0.00 201.41 -42.66 0.00 0.00 201.41 -42.66 0.00 0.00 
202.51 -42.62 0.00 0.00 202.51 -42.62 0.00 0.00 202.51 -42.62 0.00 0.00 202.51 -42.62 0.00 0.00 202.51 -42.62 0.00 0.00 
203.60 -42.59 0.00 0.00 203.60 -42.59 0.00 0.00 203.60 -42.59 0.00 0.00 203.60 -42.59 0.00 0.00 203.60 -42.59 0.00 0.00 
204.69 -42.58 0.00 0.00 204.69 -42.58 0.00 0.00 204.69 -42.58 0.00 0.00 204.69 -42.58 0.00 0.00 204.69 -42.58 0.00 0.00 
205.78 -42.57 0.00 0.00 205.78 -42.57 0.00 0.00 205.78 -42.57 0.00 0.00 205.78 -42.57 0.00 0.00 205.78 -42.57 0.00 0.00 
206.87 -42.57 0.00 0.00 206.87 -42.57 0.00 0.00 206.87 -42.57 0.00 0.00 206.87 -42.57 0.00 0.00 206.87 -42.57 0.00 0.00 
207.95 -42.59 0.00 0.00 207.95 -42.59 0.00 0.00 207.95 -42.59 0.00 0.00 207.95 -42.59 0.00 0.00 207.95 -42.59 0.00 0.00 
209.04 -42.62 0.00 0.00 209.04 -42.62 0.00 0.00 209.04 -42.62 0.00 0.00 209.04 -42.62 0.00 0.00 209.04 -42.62 0.00 0.00 
210.12 -42.65 0.00 0.00 210.12 -42.65 0.00 0.00 210.12 -42.65 0.00 0.00 210.12 -42.65 0.00 0.00 210.12 -42.65 0.00 0.00 
211.20 -42.71 0.00 0.00 211.20 -42.71 0.00 0.00 211.20 -42.71 0.00 0.00 211.20 -42.71 0.00 0.00 211.20 -42.71 0.00 0.00 
212.28 -42.77 0.00 0.00 212.28 -42.77 0.00 0.00 212.28 -42.77 0.00 0.00 212.28 -42.77 0.00 0.00 212.28 -42.77 0.00 0.00 
213.35 -42.84 0.00 0.00 213.35 -42.84 0.00 0.00 213.35 -42.84 0.00 0.00 213.35 -42.84 0.00 0.00 213.35 -42.84 0.00 0.00 
214.43 -42.93 0.00 0.00 214.43 -42.93 0.00 0.00 214.43 -42.93 0.00 0.00 214.43 -42.93 0.00 0.00 214.43 -42.93 0.00 0.00 
215.50 -43.03 0.00 0.00 215.50 -43.03 0.00 0.00 215.50 -43.03 0.00 0.00 215.50 -43.03 0.00 0.00 215.50 -43.03 0.00 0.00 
216.57 -43.14 0.00 0.00 216.57 -43.14 0.00 0.00 216.57 -43.14 0.00 0.00 216.57 -43.14 0.00 0.00 216.57 -43.14 0.00 0.00 
217.63 -43.27 0.00 0.00 217.63 -43.27 0.00 0.00 217.63 -43.27 0.00 0.00 217.63 -43.27 0.00 0.00 217.63 -43.27 0.00 0.00 
218.70 -43.41 0.00 0.00 218.70 -43.41 0.00 0.00 218.70 -43.41 0.00 0.00 218.70 -43.41 0.00 0.00 218.70 -43.41 0.00 0.00 
219.76 -43.56 0.00 0.00 219.76 -43.56 0.00 0.00 219.76 -43.56 0.00 0.00 219.76 -43.56 0.00 0.00 219.76 -43.56 0.00 0.00 
220.81 -43.72 0.00 0.00 220.81 -43.72 0.00 0.00 220.81 -43.72 0.00 0.00 220.81 -43.72 0.00 0.00 220.81 -43.72 0.00 0.00 
221.87 -43.90 0.00 0.00 221.87 -43.90 0.00 0.00 221.87 -43.90 0.00 0.00 221.87 -43.90 0.00 0.00 221.87 -43.90 0.00 0.00 
222.92 -44.10 0.00 0.00 222.92 -44.10 0.00 0.00 222.92 -44.10 0.00 0.00 222.92 -44.10 0.00 0.00 222.92 -44.10 0.00 0.00 
223.97 -44.31 0.00 0.00 223.97 -44.31 0.00 0.00 223.97 -44.31 0.00 0.00 223.97 -44.31 0.00 0.00 223.97 -44.31 0.00 0.00 
225.01 -44.53 0.00 0.00 225.01 -44.53 0.00 0.00 225.01 -44.53 0.00 0.00 225.01 -44.53 0.00 0.00 225.01 -44.53 0.00 0.00 
226.05 -44.76 0.00 0.00 226.05 -44.76 0.00 0.00 226.05 -44.76 0.00 0.00 226.05 -44.76 0.00 0.00 226.05 -44.76 0.00 0.00 
227.09 -45.02 0.00 0.00 227.09 -45.02 0.00 0.00 227.09 -45.02 0.00 0.00 227.09 -45.02 0.00 0.00 227.09 -45.02 0.00 0.00 
228.12 -45.28 0.00 0.00 228.12 -45.28 0.00 0.00 228.12 -45.28 0.00 0.00 228.12 -45.28 0.00 0.00 228.12 -45.28 0.00 0.00 
229.15 -45.56 0.00 0.00 229.15 -45.56 0.00 0.00 229.15 -45.56 0.00 0.00 229.15 -45.56 0.00 0.00 229.15 -45.56 0.00 0.00 
230.17 -45.86 0.00 0.00 230.17 -45.86 0.00 0.00 230.17 -45.86 0.00 0.00 230.17 -45.86 0.00 0.00 230.17 -45.86 0.00 0.00 
231.19 -46.17 0.00 0.00 231.19 -46.17 0.00 0.00 231.19 -46.17 0.00 0.00 231.19 -46.17 0.00 0.00 231.19 -46.17 0.00 0.00 
232.21 -46.50 0.00 0.00 232.21 -46.50 0.00 0.00 232.21 -46.50 0.00 0.00 232.21 -46.50 0.00 0.00 232.21 -46.50 0.00 0.00 
233.22 -46.84 0.00 0.00 233.22 -46.84 0.00 0.00 233.22 -46.84 0.00 0.00 233.22 -46.84 0.00 0.00 233.22 -46.84 0.00 0.00 
234.22 -47.20 0.00 0.00 234.22 -47.20 0.00 0.00 234.22 -47.20 0.00 0.00 234.22 -47.20 0.00 0.00 234.22 -47.20 0.00 0.00 
235.22 -47.57 0.00 0.00 235.22 -47.57 0.00 0.00 235.22 -47.57 0.00 0.00 235.22 -47.57 0.00 0.00 235.22 -47.57 0.00 0.00 
236.22 -47.96 0.00 0.00 236.22 -47.96 0.00 0.00 236.22 -47.96 0.00 0.00 236.22 -47.96 0.00 0.00 236.22 -47.96 0.00 0.00 
237.21 -48.37 0.00 0.00 237.21 -48.37 0.00 0.00 237.21 -48.37 0.00 0.00 237.21 -48.37 0.00 0.00 237.21 -48.37 0.00 0.00 
238.20 -48.79 0.00 0.00 238.20 -48.79 0.00 0.00 238.20 -48.79 0.00 0.00 238.20 -48.79 0.00 0.00 238.20 -48.79 0.00 0.00 
239.18 -49.23 0.00 0.00 239.18 -49.23 0.00 0.00 239.18 -49.23 0.00 0.00 239.18 -49.23 0.00 0.00 239.18 -49.23 0.00 0.00 
240.15 -49.68 0.00 0.00 240.15 -49.68 0.00 0.00 240.15 -49.68 0.00 0.00 240.15 -49.68 0.00 0.00 240.15 -49.68 0.00 0.00 
241.12 -50.15 0.00 0.00 241.12 -50.15 0.00 0.00 241.12 -50.15 0.00 0.00 241.12 -50.15 0.00 0.00 241.12 -50.15 0.00 0.00 
242.09 -50.64 0.00 0.00 242.09 -50.64 0.00 0.00 242.09 -50.64 0.00 0.00 242.09 -50.64 0.00 0.00 242.09 -50.64 0.00 0.00 
243.05 -51.15 0.00 0.00 243.05 -51.15 0.00 0.00 243.05 -51.15 0.00 0.00 243.05 -51.15 0.00 0.00 243.05 -51.15 0.00 0.00 
244.00 -51.67 0.00 0.00 244.00 -51.67 0.00 0.00 244.00 -51.67 0.00 0.00 244.00 -51.67 0.00 0.00 244.00 -51.67 0.00 0.00 
244.95 -52.21 0.00 0.00 244.95 -52.21 0.00 0.00 244.95 -52.21 0.00 0.00 244.95 -52.21 0.00 0.00 244.95 -52.21 0.00 0.00 
245.89 -52.77 0.00 0.00 245.89 -52.77 0.00 0.00 245.89 -52.77 0.00 0.00 245.89 -52.77 0.00 0.00 245.89 -52.77 0.00 0.00 
246.82 -53.34 0.00 0.00 246.82 -53.34 0.00 0.00 246.82 -53.34 0.00 0.00 246.82 -53.34 0.00 0.00 246.82 -53.34 0.00 0.00 
247.75 -53.93 0.00 0.00 247.75 -53.93 0.00 0.00 247.75 -53.93 0.00 0.00 247.75 -53.93 0.00 0.00 247.75 -53.93 0.00 0.00 
248.67 -54.54 0.00 0.00 248.67 -54.54 0.00 0.00 248.67 -54.54 0.00 0.00 248.67 -54.54 0.00 0.00 248.67 -54.54 0.00 0.00 
249.58 -55.17 0.00 0.00 249.58 -55.17 0.00 0.00 249.58 -55.17 0.00 0.00 249.58 -55.17 0.00 0.00 249.58 -55.17 0.00 0.00 
250.49 -55.81 0.00 0.00 250.49 -55.81 0.00 0.00 250.49 -55.81 0.00 0.00 250.49 -55.81 0.00 0.00 250.49 -55.81 0.00 0.00 
251.39 -56.47 0.00 0.00 251.39 -56.47 0.00 0.00 251.39 -56.47 0.00 0.00 251.39 -56.47 0.00 0.00 251.39 -56.47 0.00 0.00 
252.29 -57.15 0.00 0.00 252.29 -57.15 0.00 0.00 252.29 -57.15 0.00 0.00 252.29 -57.15 0.00 0.00 252.29 -57.15 0.00 0.00 
253.17 -57.85 0.00 0.00 253.17 -57.85 0.00 0.00 253.17 -57.85 0.00 0.00 253.17 -57.85 0.00 0.00 253.17 -57.85 0.00 0.00 
254.05 -58.56 0.00 0.00 254.05 -58.56 0.00 0.00 254.05 -58.56 0.00 0.00 254.05 -58.56 0.00 0.00 254.05 -58.56 0.00 0.00 
254.92 -59.30 0.00 0.00 254.92 -59.30 0.00 0.00 254.92 -59.30 0.00 0.00 254.92 -59.30 0.00 0.00 254.92 -59.30 0.00 0.00 
255.79 -60.05 0.00 0.00 255.79 -60.05 0.00 0.00 255.79 -60.05 0.00 0.00 255.79 -60.05 0.00 0.00 255.79 -60.05 0.00 0.00 
256.64 -60.82 0.00 0.00 256.64 -60.82 0.00 0.00 256.64 -60.82 0.00 0.00 256.64 -60.82 0.00 0.00 256.64 -60.82 0.00 0.00 
257.49 -61.60 0.00 0.00 257.49 -61.60 0.00 0.00 257.49 -61.60 0.00 0.00 257.49 -61.60 0.00 0.00 257.49 -61.60 0.00 0.00 
258.33 -62.41 0.00 0.00 258.33 -62.41 0.00 0.00 258.33 -62.41 0.00 0.00 258.33 -62.41 0.00 0.00 258.33 -62.41 0.00 0.00 
259.16 -63.23 0.00 0.00 259.16 -63.23 0.00 0.00 259.16 -63.23 0.00 0.00 259.16 -63.23 0.00 0.00 259.16 -63.23 0.00 0.00 
259.99 -64.08 0.00 0.00 259.99 -64.08 0.00 0.00 259.99 -64.08 0.00 0.00 259.99 -64.08 0.00 0.00 259.99 -64.08 0.00 0.00 
260.80 -64.94 0.00 0.00 260.80 -64.94 0.00 0.00 260.80 -64.94 0.00 0.00 260.80 -64.94 0.00 0.00 260.80 -64.94 0.00 0.00 
261.61 -65.82 0.00 0.00 261.61 -65.82 0.00 0.00 261.61 -65.82 0.00 0.00 261.61 -65.82 0.00 0.00 261.61 -65.82 0.00 0.00 
262.41 -66.71 0.00 0.00 262.41 -66.71 0.00 0.00 262.41 -66.71 0.00 0.00 262.41 -66.71 0.00 0.00 262.41 -66.71 0.00 0.00 
263.20 -67.63 0.00 0.00 263.20 -67.63 0.00 0.00 263.20 -67.63 0.00 0.00 263.20 -67.63 0.00 0.00 263.20 -67.63 0.00 0.00 
263.98 -68.57 0.00 0.00 263.98 -68.57 0.00 0.00 263.98 -68.57 0.00 0.00 263.98 -68.57 0.00 0.00 263.98 -68.57 0.00 0.00 
264.75 -69.52 0.00 0.00 264.75 -69.52 0.00 0.00 264.75 -69.52 0.00 0.00 264.75 -69.52 0.00 0.00 264.75 -69.52 0.00 0.00 
265.51 -70.49 0.00 0.00 265.51 -70.49 0.00 0.00 265.51 -70.49 0.00 0.00 265.51 -70.49 0.00 0.00 265.51 -70.49 0.00 0.00 
266.26 -71.48 0.00 0.00 266.26 -71.48 0.00 0.00 266.26 -71.48 0.00 0.00 266.26 -71.48 0.00 0.00 266.26 -71.48 0.00 0.00 
267.01 -72.49 0.00 0.00 267.01 -72.49 0.00 0.00 267.01 -72.49 0.00 0.00 267.01 -72.49 0.00 0.00 267.01 -72.49 0.00 0.00 
267.74 -73.52 0.00 0.00 267.74 -73.52 0.00 0.00 267.74 -73.52 0.00 0.00 267.74 -73.52 0.00 0.00 267.74 -73.52 0.00 0.00 
268.47 -74.57 0.00 0.00 268.47 -74.57 0.00 0.00 268.47 -74.57 0.00 0.00 268.47 -74.57 0.00 0.00 268.47 -74.57 0.00 0.00 
269.18 -75.63 0.00 0.00 269.18 -75.63 0.00 0.00 269.18 -75.63 0.00 0.00 269.18 -75.63 0.00 0.00 269.18 -75.63 0.00 0.00 
269.89 -76.72 0.00 0.00 269.89 -76.72 0.00 0.00 269.89 -76.72 0.00 0.00 269.89 -76.72 0.00 0.00 269.89 -76.72 0.00 0.00 
270.58 -77.82 0.00 0.00 270.58 -77.82 0.00 0.00 270.58 -77.82 0.00 0.00 270.58 -77.82 0.00 0.00 270.58 -77.82 0.00 0.00 
271.27 -78.94 0.00 0.00 271.27 -78.94 0.00 0.00 271.27 -78.94 0.00 0.00 271.27 -78.94 0.00 0.00 271.27 -78.94 0.00 0.00 
271.94 -80.08 0.00 0.00 271.94 -80.08 0.00 0.00 271.94 -80.08 0.00 0.00 271.94 -80.08 0.00 0.00 271.94 -80.08 0.00 0.00 
272.60 -81.24 0.00 0.00 272.60 -81.24 0.00 0.00 272.60 -81.24 0.00 0.00 272.60 -81.24 0.00 0.00 272.60 -81.24 0.00 0.00 
273.26 -82.42 0.00 0.00 273.26 -82.42 0.00 0.00 273.26 -82.42 0.00 0.00 273.26 -82.42 0.00 0.00 273.26 -82.42 0.00 0.00 
273.90 -83.62 0.00 0.00 273.90 -83.62 0.00 0.00 273.90 -83.62 0.00 0.00 273.90 -83.62 0.00 0.00 273.90 -83.62 0.00 0.00 
274.53 -84.83 0.00 0.00 274.53 -84.83 0.00 0.00 274.53 -84.83 0.00 0.00 274.53 -84.83 0.00 0.00 274.53 -84.83 0.00 0.00 
275.15 -86.06 0.00 0.00 275.15 -86.06 0.00 0.00 275.15 -86.06 0.00 0.00 275.15 -86.06 0.00 0.00 275.15 -86.06 0.00 0.00 
275.76 -87.32 0.00 0.00 275.76 -87.32 0.00 0.00 275.76 -87.32 0.00 0.00 275.76 -87.32 0.00 0.00 275.76 -87.32 0.00 0.00 
276.36 -88.59 0.00 0.00 276.36 -88.59 0.00 0.00 276.36 -88.59 0.00 0.00 276.36 -88.59 0.00 0.00 276.36 -88.59 0.00 0.00 
276.94 -89.88 0.00 0.00 276.94 -89.88 0.00 0.00 276.94 -89.88 0.00 0.00 276.94 -89.88 0.00 0.00 276.94 -89.88 0.00 0.00 
277.52 -91.19 0.00 0.00 277.52 -91.19 0.00 0.00 277.52 -91.19 0.00 0.00 277.52 -91.19 0.00 0.00 277.52 -91.19 0.00 0.00 
278.08 -92.52 0.00 0.00 278.08 -92.52 0.00 0.00 278.08 -92.52 0.00 0.00 278.08 -92.52 0.00 0.00 278.08 -92.52 0.00 0.00 
278.63 -93.86 0.00 0.00 278.63 -93.86 0.00 0.00 278.63 -93.86 0.00 0.00 278.63 -93.86 0.00 0.00 278.63 -93.86 0.00 0.00 
279.17 -95.23 0.00 0.00 279.17 -95.23 0.00 0.00 279.17 -95.23 0.00 0.00 279.17 -95.23 0.00 0.00 279.17 -95.23 0.00 0.00 
279.70 -96.61 0.00 0.00 279.70 -96.61 0.00 0.00 279.70 -96.61 0.00 0.00 279.70 -96.61 0.00 0.00 279.70 -96.61 0.00 0.00 
280.21 -98.01 0.00 0.00 280.21 -98.01 0.00 0.00 280.21 -98.01 0.00 0.00 280.21 -98.01 0.00 0.00 280.21 -98.01 0.00 0.00 
280.72 -99.43 0.00 0.00 280.72 -99.43 0.00 0.00 280.72 -99.43 0.00 0.00 280.72 -99.43 0.00 0.00 280.72 -99.43 0.00 0.00 
281.21 -100.87 0.00 0.00 281.21 -100.87 0.00 0.00 281.21 -100.87 0.00 0.00 281.21 -100.87 0.00 0.00 281.21 -100.87 0.00 0.00 
281.68 -102.33 0.00 0.00 281.68 -102.33 0.00 0.00 281.68 -102.33 0.00 0.00 281.68 -102.33 0.00 0.00 281.68 -102.33 0.00 0.00 
282.15 -103.81 0.00 0.00 282.15 -103.81 0.00 0.00 282.15 -103.81 0.00 0.00 282.15 -103.81 0.00 0.00 282.15 -103.81 0.00 0.00 
282.60 -105.30 0.00 0.00 282.60 -105.30 0.00 0.00 282.60 -105.30 0.00 0.00 282.60 -105.30 0.00 0.00 282.60 -105.30 0.00 0.00 
283.04 -106.82 0.00 0.00 283.04 -106.82 0.00 0.00 283.04 -106.82 0.00 0.00 283.04 -106.82 0.00 0.00 283.04 -106.82 0.00 0.00 
283.46 -108.35 0.00 0.00 283.46 -108.35 0.00 0.00 283.46 -108.35 0.00 0.00 283.46 -108.35 0.00 0.00 283.46 -108.35 0.00 0.00 
283.87 -109.90 0.00 0.00 283.87 -109.90 0.00 0.00 283.87 -109.90 0.00 0.00 283.87 -109.90 0.00 0.00 283.87 -109.90 0.00 0.00 
284.27 -111.47 0.00 0.00 284.27 -111.47 0.00 0.00 284.27 -111.47 0.00 0.00 284.27 -111.47 0.00 0.00 284.27 -111.47 0.00 0.00 
284.65 -113.06 0.00 0.00 284.65 -113.06 0.00 0.00 284.65 -113.06 0.00 0.00 284.65 -113.06 0.00 0.00 284.65 -113.06 0.00 0.00 
285.02 -114.66 0.00 0.00 285.02 -114.66 0.00 0.00 285.02 -114.66 0.00 0.00 285.02 -114.66 0.00 0.00 285.02 -114.66 0.00 0.00 
285.37 -116.29 0.00 0.00 285.37 -116.29 0.00 0.00 285.37 -116.29 0.00 0.00 285.37 -116.29 0.00 0.00 285.37 -116.29 0.00 0.00 
285.71 -117.93 0.00 0.00 285.71 -117.93 0.00 0.00 285.71 -117.93 0.00 0.00 285.71 -117.93 0.00 0.00 285.71 -117.93 0.00 0.00 
286.04 -119.59 0.00 0.00 286.04 -119.59 0.00 0.00 286.04 -119.59 0.00 0.00 286.04 -119.59 0.00 0.00 286.04 -119.59 0.00 0.00 
286.35 -121.27 0.00 0.00 286.35 -121.27 0.00 0.00 286.35 -121.27 0.00 0.00 286.35 -121.27 0.00 0.00 286.35 -121.27 0.00 0.00 
286.65 -122.97 0.00 0.00 286.65 -122.97 0.00 0.00 286.65 -122.97 0.00 0.00 286.65 -122.97 0.00 0.00 286.65 -122.97 0.00 0.00 
286.93 -124.69 0.00 0.00 286.93 -124.69 0.00 0.00 286.93 -124.69 0.00 0.00 286.93 -124.69 0.00 0.00 286.93 -124.69 0.00 0.00 
287.19 -126.43 0.00 0.00 287.19 -126.43 0.00 0.00 287.19 -126.43 0.00 0.00 287.19 -126.43 0.00 0.00 287.19 -126.43 0.00 0.00 
287.44 -128.18 0.00 0.00 287.44 -128.18 0.00 0.00 287.44 -128.18 0.00 0.00 287.44 -128.18 0.00 0.00 287.44 -128.18 0.00 0.00 
287.67 -129.96 0.00 0.00 287.67 -129.96 0.00 0.00 287.67 -129.96 0.00 0.00 287.67 -129.96 0.00 0.00 287.67 -129.96 0.00 0.00 
287.89 -131.75 0.00 0.00 287.89 -131.75 0.00 0.00 287.89 -131.75 0.00 0.00 287.89 -131.75 0.00 0.00 287.89 -131.75 0.00 0.00 
288.09 -133.56 0.00 0.00 288.09 -133.56 0.00 0.00 288.09 -133.56 0.00 0.00 288.09 -133.56 0.00 0.00 288.09 -133.56 0.00 0.00 
288.27 -135.39 0.00 0.00 288.27 -135.39 0.00 0.00 288.27 -135.39 0.00 0.00 288.27 -135.39 0.00 0.00 288.27 -135.39 0.00 0.00 
288.44 -137.24 0.00 0.00 288.44 -137.24 0.00 0.00 288.44 -137.24 0.00 0.00 288.44 -137.24 0.00 0.00 288.44 -137.24 0.00 0.00 
288.58 -139.11 0.00 0.00 288.58 -139.11 0.00 0.00 288.58 -139.11 0.00 0.00 288.58 -139.11 0.00 0.00 288.58 -139.11 0.00 0.00 
288.71 -141.00 0.00 0.00 288.71 -141.00 0.00 0.00 288.71 -141.00 0.00 0.00 288.71 -141.00 0.00 0.00 288.71 -141.00 0.00 0.00 
288.83 -142.91 0.00 0.00 288.83 -142.91 0.00 0.00 288.83 -142.91 0.00 0.00 288.83 -142.91 0.00 0.00 288.83 -142.91 0.00 0.00 
288.92 -144.83 0.00 0.00 288.92 -144.83 0.00 0.00 288.92 -144.83 0.00 0.00 288.92 -144.83 0.00 0.00 288.92 -144.83 0.00 0.00 
289.00 -146.78 0.00 0.00 289.00 -146.78 0.00 0.00 289.00 -146.78 0.00 0.00 289.00 -146.78 0.00 0.00 289.00 -146.78 0.00 0.00 
289.05 -148.75 0.00 0.00 289.05 -148.75 0.00 0.00 289.05 -148.75 0.00 0.00 289.05 -148.75 0.00 0.00 289.05 -148.75 0.00 0.00 
289.09 -150.73 0.00 0.00 289.09 -150.73 0.00 0.00 289.09 -150.73 0.00 0.00 289.09 -150.73 0.00 0.00 289.09 -150.73 0.00 0.00 
289.10 -152.74 0.00 0.00 289.10 -152.74 0.00 0.00 289.10 -152.74 0.00 0.00 289.10 -152.74 0.00 0.00 289.10 -152.74 0.00 0.00 
289.10 -154.77 0.00 0.00 289.10 -154.77 0.00 0.00 289.10 -154.77 0.00 0.00 289.10 -154.77 0.00 0.00 289.10 -154.77 0.00 0.00 
289.07 -156.82 0.00 0.00 289.07 -156.82 0.00 0.00 289.07 -156.82 0.00 0.00 289.07 -156.82 0.00 0.00 289.07 -156.82 0.00 0.00 
289.02 -158.89 0.00 0.00 289.02 -158.89 0.00 0.00 289.02 -158.89 0.00 0.00 289.02 -158.89 0.00 0.00 289.02 -158.89 0.00 0.00 
288.95 -160.98 0.00 0.00 288.95 -160.98 0.00 0.00 288.95 -160.98 0.00 0.00 288.95 -160.98 0.00 0.00 288.95 -160.98 0.00 0.00 
288.85 -163.10 0.00 0.00 288.85 -163.10 0.00 0.00 288.85 -163.10 0.00 0.00 288.85 -163.10 0.00 0.00 288.85 -163.10 0.00 0.00 
288.73 -165.24 0.00 0.00 288.73 -165.24 0.00 0.00 288.73 -165.24 0.00 0.00 288.73 -165.24 0.00 0.00 288.73 -165.24 0.00 0.00 
288.59 -167.40 0.00 0.00 288.59 -167.40 0.00 0.00 288.59 -167.40 0.00 0.00 288.59 -167.40 0.00 0.00 288.59 -167.40 0.00 0.00 
288.42 -169.58 0.00 0.00 288.42 -169.58 0.00 0.00 288.42 -169.58 0.00 0.00 288.42 -169.58 0.00 0.00 288.42 -169.58 0.00 0.00 
288.23 -171.79 0.00 0.00 288.23 -171.79 0.00 0.00 288.23 -171.79 0.00 0.00 288.23 -171.79 0.00 0.00 288.23 -171.79 0.00 0.00 
288.00 -174.03 0.00 0.00 288.00 -174.03 0.00 0.00 288.00 -174.03 0.00 0.00 288.00 -174.03 0.00 0.00 288.00 -174.03 0.00 0.00 
287.75 -176.29 0.00 0.00 287.75 -176.29 0.00 0.00 287.75 -176.29 0.00 0.00 287.75 -176.29 0.00 0.00 287.75 -176.29 0.00 0.00 
287.47 -178.58 0.00 0.00 287.47 -178.58 0.00 0.00 287.47 -178.58 0.00 0.00 287.47 -178.58 0.00 0.00 287.47 -178.58 0.00 0.00 
287.15 -180.90 0.00 0.00 287.15 -180.90 0.00 0.00 287.15 -180.90 0.00 0.00 287.15 -180.90 0.00 0.00 287.15 -180.90 0.00 0.00 
286.81 -183.24 0.00 0.00 286.81 -183.24 0.00 0.00 286.81 -183.24 0.00 0.00 286.81 -183.24 0.00 0.00 286.81 -183.24 0.00 0.00 
286.43 -185.62 0.00 0.00 286.43 -185.62 0.00 0.00 286.43 -185.62 0.00 0.00 286.43 -185.62 0.00 0.00 286.43 -185.62 0.00 0.00 
286.01 -188.03 0.00 0.00 286.01 -188.03 0.00 0.00 286.01 -188.03 0.00 0.00 286.01 -188.03 0.00 0.00 286.01 -188.03 0.00 0.00 
285.55 -190.48 0.00 0.00 285.55 -190.48 0.00 0.00 285.55 -190.48 0.00 0.00 285.55 -190.48 0.00 0.00 285.55 -190.48 0.00 0.00 
285.05 -192.96 0.00 0.00 285.05 -192.96 0.00 0.00 285.05 -192.96 0.00 0.00 285.05 -192.96 0.00 0.00 285.05 -192.96 0.00 0.00 
284.51 -195.49 0.00 0.00 284.51 -195.49 0.00 0.00 284.51 -195.49 0.00 0.00 284.51 -195.49 0.00 0.00 284.51 -195.49 0.00 0.00 
283.92 -198.06 0.00 0.00 283.92 -198.06 0.00 0.00 283.92 -198.06 0.00 0.00 283.92 -198.06 0.00 0.00 283.92 -198.06 0.00 0.00 
283.27 -200.67 0.00 0.00 283.27 -200.67 0.00 0.00 283.27 -200.67 0.00 0.00 283.27 -200.67 0.00 0.00 283.27 -200.67 0.00 0.00 
282.57 -203.33 0.00 0.00 282.57 -203.33 0.00 0.00 282.57 -203.33 0.00 0.00 282.57 -203.33 0.00 0.00 282.57 -203.33 0.00 0.00 
281.81 -206.05 0.00 0.00 281.81 -206.05 0.00 0.00 281.81 -206.05 0.00 0.00 281.81 -206.05 0.00 0.00 281.81 -206.05 0.00 0.00 
280.98 -208.83 0.00 0.00 280.98 -208.83 0.00 0.00 280.98 -208.83 0.00 0.00 280.98 -208.83 0.00 0.00 280.98 -208.83 0.00 0.00 
280.07 -211.69 0.00 0.00 280.07 -211.69 0.00 0.00 280.07 -211.69 0.00 0.00 280.07 -211.69 0.00 0.00 280.07 -211.69 0.00 0.00 
279.07 -214.62 0.00 0.00 279.07 -214.62 0.00 0.00 279.07 -214.62 0.00 0.00 279.07 -214.62 0.00 0.00 279.07 -214.62 0.00 0.00 
277.98 -217.64 0.00 0.00 277.98 -217.64 0.00 0.00 277.98 -217.64 0.00 0.00 277.98 -217.64 0.00 0.00 277.98 -217.64 0.00 0.00 
276.76 -220.78 0.00 0.00 276.76 -220.78 0.00 0.00 276.76 -220.78 0.00 0.00 276.76 -220.78 0.00 0.00 276.76 -220.78 0.00 0.00 
275.40 -224.04 0.00 0.00 275.40 -224.04 0.00 0.00 275.40 -224.04 0.00 0.00 275.40 -224.04 0.00 0.00 275.40 -224.04 0.00 0.00 
273.86 -227.48 0.00 0.00 273.86 -227.48 0.00 0.00 273.86 -227.48 0.00 0.00 273.86 -227.48 0.00 0.00 273.86 -227.48 0.00 0.00 
272.09 -231.13 0.00 0.00 272.09 -231.13 0.00 0.00 272.09 -231.13 0.00 0.00 272.09 -231.13 0.00 0.00 272.09 -231.13 0.00 0.00 
269.99 -235.10 0.00 0.00 269.99 -235.10 0.00 0.00 269.99 -235.10 0.00 0.00 269.99 -235.10 0.00 0.00 269.99 -235.10 0.00 0.00 
267.40 -239.54 0.00 0.00 267.40 -239.54 0.00 0.00 267.40 -239.54 0.00 0.00 267.40 -239.54 0.00 0.00 267.40 -239.54 0.00 0.00 
263.87 -244.89 0.00 0.00 263.87 -244.89 0.00 0.00 263.87 -244.89 0.00 0.00 263.87 -244.89 0.00 0.00 263.87 -244.89 0.00 0.00 
264.07 -246.15 0.00 0.00 264.07 -246.15 0.00 0.00 264.07 -246.15 0.00 0.00 264.07 -246.15 0.00 0.00 264.07 -246.15 0.00 0.00 
264.27 -247.41 0.00 0.00 264.27 -247.41 0.00 0.00 264.27 -247.41 0.00 0.00 264.27 -247.41 0.00 0.00 264.27 -247.41 0.00 0.00 
264.47 -248.66 0.00 0.00 264.47 -248.66 0.00 0.00 264.47 -248.66 0.00 0.00 264.47 -248.66 0.00 0.00 264.47 -248.66 0.00 0.00 
264.66 -249.92 0.00 0.00 264.66 -249.92 0.00 0.00 264.66 -249.92 0.00 0.00 264.66 -249.92 0.00 0.00 264.66 -249.92 0.00 0.00 
264.87 -251.17 0.00 0.00 264.87 -251.17 0.00 0.00 264.87 -251.17 0.00 0.00 264.87 -251.17 0.00 0.00 264.87 -251.17 0.00 0.00 
265.07 -252.42 0.00 0.00 265.07 -252.42 0.00 0.00 265.07 -252.42 0.00 0.00 265.07 -252.42 0.00 0.00 265.07 -252.42 0.00 0.00 
265.27 -253.68 0.00 0.00 265.27 -253.68 0.00 0.00 265.27 -253.68 0.00 0.00 265.27 -253.68 0.00 0.00 265.27 -253.68 0.00 0.00 
265.47 -254.93 0.00 0.00 265.47 -254.93 0.00 0.00 265.47 -254.93 0.00 0.00 265.47 -254.93 0.00 0.00 265.47 -254.93 0.00 0.00 
265.68 -256.18 0.00 0.00 265.68 -256.18 0.00 0.00 265.68 -256.18 0.00 0.00 265.68 -256.18 0.00 0.00 265.68 -256.18 0.00 0.00 
265.88 -257.42 0.00 0.00 265.88 -257.42 0.00 0.00 265.88 -257.42 0.00 0.00 265.88 -257.42 0.00 0.00 265.88 -257.42 0.00 0.00 
266.09 -258.67 0.00 0.00 266.09 -258.67 0.00 0.00 266.09 -258.67 0.00 0.00 266.09 -258.67 0.00 0.00 266.09 -258.67 0.00 0.00 
266.30 -259.92 0.00 0.00 266.30 -259.92 0.00 0.00 266.30 -259.92 0.00 0.00 266.30 -259.92 0.00 0.00 266.30 -259.92 0.00 0.00 
266.51 -261.16 0.00 0.00 266.51 -261.16 0.00 0.00 266.51 -261.16 0.00 0.00 266.51 -261.16 0.00 0.00 266.51 -261.16 0.00 0.00 
266.72 -262.40 0.00 0.00 266.72 -262.40 0.00 0.00 266.72 -262.40 0.00 0.00 266.72 -262.40 0.00 0.00 266.72 -262.40 0.00 0.00 
266.94 -263.64 0.00 0.00 266.94 -263.64 0.00 0.00 266.94 -263.64 0.00 0.00 266.94 -263.64 0.00 0.00 266.94 -263.64 0.00 0.00 
267.16 -264.87 0.00 0.00 267.16 -264.87 0.00 0.00 267.16 -264.87 0.00 0.00 267.16 -264.87 0.00 0.00 267.16 -264.87 0.00 0.00 
267.38 -266.10 0.00 0.00 267.38 -266.10 0.00 0.00 267.38 -266.10 0.00 0.00 267.38 -266.10 0.00 0.00 267.38 -266.10 0.00 0.00 
267.60 -267.33 0.00 0.00 267.60 -267.33 0.00 0.00 267.60 -267.33 0.00 0.00 267.60 -267.33 0.00 0.00 267.60 -267.33 0.00 0.00 
267.83 -268.56 0.00 0.00 267.83 -268.56 0.00 0.00 267.83 -268.56 0.00 0.00 267.83 -268.56 0.00 0.00 267.83 -268.56 0.00 0.00 
268.06 -269.78 0.00 0.00 268.06 -269.78 0.00 0.00 268.06 -269.78 0.00 0.00 268.06 -269.78 0.00 0.00 268.06 -269.78 0.00 0.00 
268.29 -271.00 0.00 0.00 268.29 -271.00 0.00 0.00 268.29 -271.00 0.00 0.00 268.29 -271.00 0.00 0.00 268.29 -271.00 0.00 0.00 
268.53 -272.22 0.00 0.00 268.53 -272.22 0.00 0.00 268.53 -272.22 0.00 0.00 268.53 -272.22 0.00 0.00 268.53 -272.22 0.00 0.00 
268.77 -273.43 0.00 0.00 268.77 -273.43 0.00 0.00 268.77 -273.43 0.00 0.00 268.77 -273.43 0.00 0.00 268.77 -273.43 0.00 0.00 
269.01 -274.64 0.00 0.00 269.01 -274.64 0.00 0.00 269.01 -274.64 0.00 0.00 269.01 -274.64 0.00 0.00 269.01 -274.64 0.00 0.00 
269.26 -275.84 0.00 0.00 269.26 -275.84 0.00 0.00 269.26 -275.84 0.00 0.00 269.26 -275.84 0.00 0.00 269.26 -275.84 0.00 0.00 
269.51 -277.04 0.00 0.00 269.51 -277.04 0.00 0.00 269.51 -277.04 0.00 0.00 269.51 -277.04 0.00 0.00 269.51 -277.04 0.00 0.00 
269.76 -278.24 0.00 0.00 269.76 -278.24 0.00 0.00 269.76 -278.24 0.00 0.00 269.76 -278.24 0.00 0.00 269.76 -278.24 0.00 0.00 
270.02 -279.43 0.00 0.00 270.02 -279.43 0.00 0.00 270.02 -279.43 0.00 0.00 270.02 -279.43 0.00 0.00 270.02 -279.43 0.00 0.00 
270.28 -280.61 0.00 0.00 270.28 -280.61 0.00 0.00 270.28 -280.61 0.00 0.00 270.28 -280.61 0.00 0.00 270.28 -280.61 0.00 0.00 
270.55 -281.79 0.00 0.00 270.55 -281.79 0.00 0.00 270.55 -281.79 0.00 0.00 270.55 -281.79 0.00 0.00 270.55 -281.79 0.00 0.00 
270.82 -282.97 0.00 0.00 270.82 -282.97 0.00 0.00 270.82 -282.97 0.00 0.00 270.82 -282.97 0.00 0.00 270.82 -282.97 0.00 0.00 
271.10 -284.14 0.00 0.00 271.10 -284.14 0.00 0.00 271.10 -284.14 0.00 0.00 271.10 -284.14 0.00 0.00 271.10 -284.14 0.00 0.00 
271.38 -285.31 0.00 0.00 271.38 -285.31 0.00 0.00 271.38 -285.31 0.00 0.00 271.38 -285.31 0.00 0.00 271.38 -285.31 0.00 0.00 
271.67 -286.47 0.00 0.00 271.67 -286.47 0.00 0.00 271.67 -286.47 0.00 0.00 271.67 -286.47 0.00 0.00 271.67 -286.47 0.00 0.00 
271.96 -287.62 0.00 0.00 271.96 -287.62 0.00 0.00 271.96 -287.62 0.00 0.00 271.96 -287.62 0.00 0.00 271.96 -287.62 0.00 0.00 
272.26 -288.77 0.00 0.00 272.26 -288.77 0.00 0.00 272.26 -288.77 0.00 0.00 272.26 -288.77 0.00 0.00 272.26 -288.77 0.00 0.00 
272.57 -289.91 0.00 0.00 272.57 -289.91 0.00 0.00 272.57 -289.91 0.00 0.00 272.57 -289.91 0.00 0.00 272.57 -289.91 0.00 0.00 
272.87 -291.05 0.00 0.00 272.87 -291.05 0.00 0.00 272.87 -291.05 0.00 0.00 272.87 -291.05 0.00 0.00 272.87 -291.05 0.00 0.00 
273.19 -292.18 0.00 0.00 273.19 -292.18 0.00 0.00 273.19 -292.18 0.00 0.00 273.19 -292.18 0.00 0.00 273.19 -292.18 0.00 0.00 
273.51 -293.31 0.00 0.00 273.51 -293.31 0.00 0.00 273.51 -293.31 0.00 0.00 273.51 -293.31 0.00 0.00 273.51 -293.31 0.00 0.00 
273.84 -294.42 0.00 0.00 273.84 -294.42 0.00 0.00 273.84 -294.42 0.00 0.00 273.84 -294.42 0.00 0.00 273.84 -294.42 0.00 0.00 
274.17 -295.54 0.00 0.00 274.17 -295.54 0.00 0.00 274.17 -295.54 0.00 0.00 274.17 -295.54 0.00 0.00 274.17 -295.54 0.00 0.00 
274.51 -296.64 0.00 0.00 274.51 -296.64 0.00 0.00 274.51 -296.64 0.00 0.00 274.51 -296.64 0.00 0.00 274.51 -296.64 0.00 0.00 
274.85 -297.74 0.00 0.00 274.85 -297.74 0.00 0.00 274.85 -297.74 0.00 0.00 274.85 -297.74 0.00 0.00 274.85 -297.74 0.00 0.00 
275.21 -298.83 0.00 0.00 275.21 -298.83 0.00 0.00 275.21 -298.83 0.00 0.00 275.21 -298.83 0.00 0.00 275.21 -298.83 0.00 0.00 
275.56 -299.91 0.00 0.00 275.56 -299.91 0.00 0.00 275.56 -299.91 0.00 0.00 275.56 -299.91 0.00 0.00 275.56 -299.91 0.00 0.00 
275.93 -300.99 0.00 0.00 275.93 -300.99 0.00 0.00 275.93 -300.99 0.00 0.00 275.93 -300.99 0.00 0.00 275.93 -300.99 0.00 0.00 
276.30 -302.06 0.00 0.00 276.30 -302.06 0.00 0.00 276.30 -302.06 0.00 0.00 276.30 -302.06 0.00 0.00 276.30 -302.06 0.00 0.00 
276.68 -303.12 0.00 0.00 276.68 -303.12 0.00 0.00 276.68 -303.12 0.00 0.00 276.68 -303.12 0.00 0.00 276.68 -303.12 0.00 0.00 
277.07 -304.17 0.00 0.00 277.07 -304.17 0.00 0.00 277.07 -304.17 0.00 0.00 277.07 -304.17 0.00 0.00 277.07 -304.17 0.00 0.00 
277.46 -305.22 0.00 0.00 277.46 -305.22 0.00 0.00 277.46 -305.22 0.00 0.00 277.46 -305.22 0.00 0.00 277.46 -305.22 0.00 0.00 
277.86 -306.26 0.00 0.00 277.86 -306.26 0.00 0.00 277.86 -306.26 0.00 0.00 277.86 -306.26 0.00 0.00 277.86 -306.26 0.00 0.00 
278.27 -307.29 0.00 0.00 278.27 -307.29 0.00 0.00 278.27 -307.29 0.00 0.00 278.27 -307.29 0.00 0.00 278.27 -307.29 0.00 0.00 
278.68 -308.31 0.00 0.00 278.68 -308.31 0.00 0.00 278.68 -308.31 0.00 0.00 278.68 -308.31 0.00 0.00 278.68 -308.31 0.00 0.00 
279.11 -309.33 0.00 0.00 279.11 -309.33 0.00 0.00 279.11 -309.33 0.00 0.00 279.11 -309.33 0.00 0.00 279.11 -309.33 0.00 0.00 
279.54 -310.33 0.00 0.00 279.54 -310.33 0.00 0.00 279.54 -310.33 0.00 0.00 279.54 -310.33 0.00 0.00 279.54 -310.33 0.00 0.00 
279.97 -311.33 0.00 0.00 279.97 -311.33 0.00 0.00 279.97 -311.33 0.00 0.00 279.97 -311.33 0.00 0.00 279.97 -311.33 0.00 0.00 
280.42 -312.32 0.00 0.00 280.42 -312.32 0.00 0.00 280.42 -312.32 0.00 0.00 280.42 -312.32 0.00 0.00 280.42 -312.32 0.00 0.00 
280.87 -313.30 0.00 0.00 280.87 -313.30 0.00 0.00 280.87 -313.30 0.00 0.00 280.87 -313.30 0.00 0.00 280.87 -313.30 0.00 0.00 
281.34 -314.28 0.00 0.00 281.34 -314.28 0.00 0.00 281.34 -314.28 0.00 0.00 281.34 -314.28 0.00 0.00 281.34 -314.28 0.00 0.00 
281.81 -315.24 0.00 0.00 281.81 -315.24 0.00 0.00 281.81 -315.24 0.00 0.00 281.81 -315.24 0.00 0.00 281.81 -315.24 0.00 0.00 
282.28 -316.19 0.00 0.00 282.28 -316.19 0.00 0.00 282.28 -316.19 0.00 0.00 282.28 -316.19 0.00 0.00 282.28 -316.19 0.00 0.00 
282.77 -317.14 0.00 0.00 282.77 -317.14 0.00 0.00 282.77 -317.14 0.00 0.00 282.77 -317.14 0.00 0.00 282.77 -317.14 0.00 0.00 
283.26 -318.08 0.00 0.00 283.26 -318.08 0.00 0.00 283.26 -318.08 0.00 0.00 283.26 -318.08 0.00 0.00 283.26 -318.08 0.00 0.00 
283.77 -319.01 0.00 0.00 283.77 -319.01 0.00 0.00 283.77 -319.01 0.00 0.00 283.77 -319.01 0.00 0.00 283.77 -319.01 0.00 0.00 
284.28 -319.92 0.00 0.00 284.28 -319.92 0.00 0.00 284.28 -319.92 0.00 0.00 284.28 -319.92 0.00 0.00 284.28 -319.92 0.00 0.00 
284.80 -320.83 0.00 0.00 284.80 -320.83 0.00 0.00 284.80 -320.83 0.00 0.00 284.80 -320.83 0.00 0.00 284.80 -320.83 0.00 0.00 
285.33 -321.73 0.00 0.00 285.33 -321.73 0.00 0.00 285.33 -321.73 0.00 0.00 285.33 -321.73 0.00 0.00 285.33 -321.73 0.00 0.00 
285.86 -322.63 0.00 0.00 285.86 -322.63 0.00 0.00 285.86 -322.63 0.00 0.00 285.86 -322.63 0.00 0.00 285.86 -322.63 0.00 0.00 
286.41 -323.51 0.00 0.00 286.41 -323.51 0.00 0.00 286.41 -323.51 0.00 0.00 286.41 -323.51 0.00 0.00 286.41 -323.51 0.00 0.00 
286.97 -324.38 0.00 0.00 286.97 -324.38 0.00 0.00 286.97 -324.38 0.00 0.00 286.97 -324.38 0.00 0.00 286.97 -324.38 0.00 0.00 
287.53 -325.24 0.00 0.00 287.53 -325.24 0.00 0.00 287.53 -325.24 0.00 0.00 287.53 -325.24 0.00 0.00 287.53 -325.24 0.00 0.00 
288.10 -326.10 0.00 0.00 288.10 -326.10 0.00 0.00 288.10 -326.10 0.00 0.00 288.10 -326.10 0.00 0.00 288.10 -326.10 0.00 0.00 
288.68 -326.94 0.00 0.00 288.68 -326.94 0.00 0.00 288.68 -326.94 0.00 0.00 288.68 -326.94 0.00 0.00 288.68 -326.94 0.00 0.00 
289.27 -327.77 0.00 0.00 289.27 -327.77 0.00 0.00 289.27 -327.77 0.00 0.00 289.27 -327.77 0.00 0.00 289.27 -327.77 0.00 0.00 
289.87 -328.60 0.00 0.00 289.87 -328.60 0.00 0.00 289.87 -328.60 0.00 0.00 289.87 -328.60 0.00 0.00 289.87 -328.60 0.00 0.00 
290.48 -329.41 0.00 0.00 290.48 -329.41 0.00 0.00 290.48 -329.41 0.00 0.00 290.48 -329.41 0.00 0.00 290.48 -329.41 0.00 0.00 
291.10 -330.22 0.00 0.00 291.10 -330.22 0.00 0.00 291.10 -330.22 0.00 0.00 291.10 -330.22 0.00 0.00 291.10 -330.22 0.00 0.00 
291.72 -331.01 0.00 0.00 291.72 -331.01 0.00 0.00 291.72 -331.01 0.00 0.00 291.72 -331.01 0.00 0.00 291.72 -331.01 0.00 0.00 
292.36 -331.80 0.00 0.00 292.36 -331.80 0.00 0.00 292.36 -331.80 0.00 0.00 292.36 -331.80 0.00 0.00 292.36 -331.80 0.00 0.00 
293.00 -332.57 0.00 0.00 293.00 -332.57 0.00 0.00 293.00 -332.57 0.00 0.00 293.00 -332.57 0.00 0.00 293.00 -332.57 0.00 0.00 
293.66 -333.34 0.00 0.00 293.66 -333.34 0.00 0.00 293.66 -333.34 0.00 0.00 293.66 -333.34 0.00 0.00 293.66 -333.34 0.00 0.00 
294.32 -334.09 0.00 0.00 294.32 -334.09 0.00 0.00 294.32 -334.09 0.00 0.00 294.32 -334.09 0.00 0.00 294.32 -334.09 0.00 0.00 
294.99 -334.84 0.00 0.00 294.99 -334.84 0.00 0.00 294.99 -334.84 0.00 0.00 294.99 -334.84 0.00 0.00 294.99 -334.84 0.00 0.00 
295.68 -335.58 0.00 0.00 295.68 -335.58 0.00 0.00 295.68 -335.58 0.00 0.00 295.68 -335.58 0.00 0.00 295.68 -335.58 0.00 0.00 
296.37 -336.30 0.00 0.00 296.37 -336.30 0.00 0.00 296.37 -336.30 0.00 0.00 296.37 -336.30 0.00 0.00 296.37 -336.30 0.00 0.00 
297.07 -337.02 0.00 0.00 297.07 -337.02 0.00 0.00 297.07 -337.02 0.00 0.00 297.07 -337.02 0.00 0.00 297.07 -337.02 0.00 0.00 
297.78 -337.72 0.00 0.00 297.78 -337.72 0.00 0.00 297.78 -337.72 0.00 0.00 297.78 -337.72 0.00 0.00 297.78 -337.72 0.00 0.00 
298.50 -338.42 0.00 0.00 298.50 -338.42 0.00 0.00 298.50 -338.42 0.00 0.00 298.50 -338.42 0.00 0.00 298.50 -338.42 0.00 0.00 
299.22 -339.10 0.00 0.00 299.22 -339.10 0.00 0.00 299.22 -339.10 0.00 0.00 299.22 -339.10 0.00 0.00 299.22 -339.10 0.00 0.00 
299.96 -339.78 0.00 0.00 299.96 -339.78 0.00 0.00 299.96 -339.78 0.00 0.00 299.96 -339.78 0.00 0.00 299.96 -339.78 0.00 0.00 
300.71 -340.44 0.00 0.00 300.71 -340.44 0.00 0.00 300.71 -340.44 0.00 0.00 300.71 -340.44 0.00 0.00 300.71 -340.44 0.00 0.00 
301.46 -341.10 0.00 0.00 301.46 -341.10 0.00 0.00 301.46 -341.10 0.00 0.00 301.46 -341.10 0.00 0.00 301.46 -341.10 0.00 0.00 
302.23 -341.74 0.00 0.00 302.23 -341.74 0.00 0.00 302.23 -341.74 0.00 0.00 302.23 -341.74 0.00 0.00 302.23 -341.74 0.00 0.00 
303.01 -342.38 0.00 0.00 303.01 -342.38 0.00 0.00 303.01 -342.38 0.00 0.00 303.01 -342.38 0.00 0.00 303.01 -342.38 0.00 0.00 
303.79 -343.00 0.00 0.00 303.79 -343.00 0.00 0.00 303.79 -343.00 0.00 0.00 303.79 -343.00 0.00 0.00 303.79 -343.00 0.00 0.00 
304.58 -343.62 0.00 0.00 304.58 -343.62 0.00 0.00 304.58 -343.62 0.00 0.00 304.58 -343.62 0.00 0.00 304.58 -343.62 0.00 0.00 
305.39 -344.22 0.00 0.00 305.39 -344.22 0.00 0.00 305.39 -344.22 0.00 0.00 305.39 -344.22 0.00 0.00 305.39 -344.22 0.00 0.00 
306.20 -344.82 0.00 0.00 306.20 -344.82 0.00 0.00 306.20 -344.82 0.00 0.00 306.20 -344.82 0.00 0.00 306.20 -344.82 0.00 0.00 
307.02 -345.40 0.00 0.00 307.02 -345.40 0.00 0.00 307.02 -345.40 0.00 0.00 307.02 -345.40 0.00 0.00 307.02 -345.40 0.00 0.00 
307.85 -345.98 0.00 0.00 307.85 -345.98 0.00 0.00 307.85 -345.98 0.00 0.00 307.85 -345.98 0.00 0.00 307.85 -345.98 0.00 0.00 
308.69 -346.54 0.00 0.00 308.69 -346.54 0.00 0.00 308.69 -346.54 0.00 0.00 308.69 -346.54 0.00 0.00 308.69 -346.54 0.00 0.00 
309.54 -347.10 0.00 0.00 309.54 -347.10 0.00 0.00 309.54 -347.10 0.00 0.00 309.54 -347.10 0.00 0.00 309.54 -347.10 0.00 0.00 
310.39 -347.65 0.00 0.00 310.39 -347.65 0.00 0.00 310.39 -347.65 0.00 0.00 310.39 -347.65 0.00 0.00 310.39 -347.65 0.00 0.00 
311.26 -348.18 0.00 0.00 311.26 -348.18 0.00 0.00 311.26 -348.18 0.00 0.00 311.26 -348.18 0.00 0.00 311.26 -348.18 0.00 0.00 
312.14 -348.71 0.00 0.00 312.14 -348.71 0.00 0.00 312.14 -348.71 0.00 0.00 312.14 -348.71 0.00 0.00 312.14 -348.71 0.00 0.00 
313.02 -349.23 0.00 0.00 313.02 -349.23 0.00 0.00 313.02 -349.23 0.00 0.00 313.02 -349.23 0.00 0.00 313.02 -349.23 0.00 0.00 
313.92 -349.73 0.00 0.00 313.92 -349.73 0.00 0.00 313.92 -349.73 0.00 0.00 313.92 -349.73 0.00 0.00 313.92 -349.73 0.00 0.00 
314.82 -350.23 0.00 0.00 314.82 -350.23 0.00 0.00 314.82 -350.23 0.00 0.00 314.82 -350.23 0.00 0.00 314.82 -350.23 0.00 0.00 
315.73 -350.72 0.00 0.00 315.73 -350.72 0.00 0.00 315.73 -350.72 0.00 0.00 315.73 -350.72 0.00 0.00 315.73 -350.72 0.00 0.00 
316.65 -351.20 0.00 0.00 316.65 -351.20 0.00 0.00 316.65 -351.20 0.00 0.00 316.65 -351.20 0.00 0.00 316.65 -351.20 0.00 0.00 
317.58 -351.67 0.00 0.00 317.58 -351.67 0.00 0.00 317.58 -351.67 0.00 0.00 317.58 -351.67 0.00 0.00 317.58 -351.67 0.00 0.00 
318.52 -352.13 0.00 0.00 318.52 -352.13 0.00 0.00 318.52 -352.13 0.00 0.00 318.52 -352.13 0.00 0.00 318.52 -352.13 0.00 0.00 
319.46 -352.58 0.00 0.00 319.46 -352.58 0.00 0.00 319.46 -352.58 0.00 0.00 319.46 -352.58 0.00 0.00 319.46 -352.58 0.00 0.00 
320.42 -353.02 0.00 0.00 320.42 -353.02 0.00 0.00 320.42 -353.02 0.00 0.00 320.42 -353.02 0.00 0.00 320.42 -353.02 0.00 0.00 
321.38 -353.45 0.00 0.00 321.38 -353.45 0.00 0.00 321.38 -353.45 0.00 0.00 321.38 -353.45 0.00 0.00 321.38 -353.45 0.00 0.00 
322.35 -353.87 0.00 0.00 322.35 -353.87 0.00 0.00 322.35 -353.87 0.00 0.00 322.35 -353.87 0.00 0.00 322.35 -353.87 0.00 0.00 
323.33 -354.29 0.00 0.00 323.33 -354.29 0.00 0.00 323.33 -354.29 0.00 0.00 323.33 -354.29 0.00 0.00 323.33 -354.29 0.00 0.00 
324.32 -354.69 0.00 0.00 324.32 -354.69 0.00 0.00 324.32 -354.69 0.00 0.00 324.32 -354.69 0.00 0.00 324.32 -354.69 0.00 0.00 
325.31 -355.09 0.00 0.00 325.31 -355.09 0.00 0.00 325.31 -355.09 0.00 0.00 325.31 -355.09 0.00 0.00 325.31 -355.09 0.00 0.00 
326.32 -355.48 0.00 0.00 326.32 -355.48 0.00 0.00 326.32 -355.48 0.00 0.00 326.32 -355.48 0.00 0.00 326.32 -355.48 0.00 0.00 
327.33 -355.86 0.00 0.00 327.33 -355.86 0.00 0.00 327.33 -355.86 0.00 0.00 327.33 -355.86 0.00 0.00 327.33 -355.86 0.00 0.00 
328.35 -356.23 0.00 0.00 328.35 -356.23 0.00 0.00 328.35 -356.23 0.00 0.00 328.35 -356.23 0.00 0.00 328.35 -356.23 0.00 0.00 
329.38 -356.59 0.00 0.00 329.38 -356.59 0.00 0.00 329.38 -356.59 0.00 0.00 329.38 -356.59 0.00 0.00 329.38 -356.59 0.00 0.00 
330.41 -356.95 0.00 0.00 330.41 -356.95 0.00 0.00 330.41 -356.95 0.00 0.00 330.41 -356.95 0.00 0.00 330.41 -356.95 0.00 0.00 
331.46 -357.29 0.00 0.00 331.46 -357.29 0.00 0.00 331.46 -357.29 0.00 0.00 331.46 -357.29 0.00 0.00 331.46 -357.29 0.00 0.00 
332.51 -357.63 0.00 0.00 332.51 -357.63 0.00 0.00 332.51 -357.63 0.00 0.00 332.51 -357.63 0.00 0.00 332.51 -357.63 0.00 0.00 
333.57 -357.96 0.00 0.00 333.57 -357.96 0.00 0.00 333.57 -357.96 0.00 0.00 333.57 -357.96 0.00 0.00 333.57 -357.96 0.00 0.00 
334.63 -358.28 0.00 0.00 334.63 -358.28 0.00 0.00 334.63 -358.28 0.00 0.00 334.63 -358.28 0.00 0.00 334.63 -358.28 0.00 0.00 
335.70 -358.60 0.00 0.00 335.70 -358.60 0.00 0.00 335.70 -358.60 0.00 0.00 335.70 -358.60 0.00 0.00 335.70 -358.60 0.00 0.00 
336.78 -358.90 0.00 0.00 336.78 -358.90 0.00 0.00 336.78 -358.90 0.00 0.00 336.78 -358.90 0.00 0.00 336.78 -358.90 0.00 0.00 
337.87 -359.20 0.00 0.00 337.87 -359.20 0.00 0.00 337.87 -359.20 0.00 0.00 337.87 -359.20 0.00 0.00 337.87 -359.20 0.00 0.00 
338.97 -359.49 0.00 0.00 338.97 -359.49 0.00 0.00 338.97 -359.49 0.00 0.00 338.97 -359.49 0.00 0.00 338.97 -359.49 0.00 0.00 
340.07 -359.78 0.00 0.00 340.07 -359.78 0.00 0.00 340.07 -359.78 0.00 0.00 340.07 -359.78 0.00 0.00 340.07 -359.78 0.00 0.00 
341.17 -360.05 0.00 0.00 341.17 -360.05 0.00 0.00 341.17 -360.05 0.00 0.00 341.17 -360.05 0.00 0.00 341.17 -360.05 0.00 0.00 
342.29 -360.32 0.00 0.00 342.29 -360.32 0.00 0.00 342.29 -360.32 0.00 0.00 342.29 -360.32 0.00 0.00 342.29 -360.32 0.00 0.00 
343.41 -360.59 0.00 0.00 343.41 -360.59 0.00 0.00 343.41 -360.59 0.00 0.00 343.41 -360.59 0.00 0.00 343.41 -360.59 0.00 0.00 
344.53 -360.84 0.00 0.00 344.53 -360.84 0.00 0.00 344.53 -360.84 0.00 0.00 344.53 -360.84 0.00 0.00 344.53 -360.84 0.00 0.00 
345.67 -361.09 0.00 0.00 345.67 -361.09 0.00 0.00 345.67 -361.09 0.00 0.00 345.67 -361.09 0.00 0.00 345.67 -361.09 0.00 0.00 
346.81 -361.33 0.00 0.00 346.81 -361.33 0.00 0.00 346.81 -361.33 0.00 0.00 346.81 -361.33 0.00 0.00 346.81 -361.33 0.00 0.00 
347.95 -361.57 0.00 0.00 347.95 -361.57 0.00 0.00 347.95 -361.57 0.00 0.00 347.95 -361.57 0.00 0.00 347.95 -361.57 0.00 0.00 
349.10 -361.80 0.00 0.00 349.10 -361.80 0.00 0.00 349.10 -361.80 0.00 0.00 349.10 -361.80 0.00 0.00 349.10 -361.80 0.00 0.00 
350.26 -362.02 0.00 0.00 350.26 -362.02 0.00 0.00 350.26 -362.02 0.00 0.00 350.26 -362.02 0.00 0.00 350.26 -362.02 0.00 0.00 
351.42 -362.24 0.00 0.00 351.42 -362.24 0.00 0.00 351.42 -362.24 0.00 0.00 351.42 -362.24 0.00 0.00 351.42 -362.24 0.00 0.00 
352.59 -362.45 0.00 0.00 352.59 -362.45 0.00 0.00 352.59 -362.45 0.00 0.00 352.59 -362.45 0.00 0.00 352.59 -362.45 0.00 0.00 
353.76 -362.66 0.00 0.00 353.76 -362.66 0.00 0.00 353.76 -362.66 0.00 0.00 353.76 -362.66 0.00 0.00 353.76 -362.66 0.00 0.00 
354.94 -362.86 0.00 0.00 354.94 -362.86 0.00 0.00 354.94 -362.86 0.00 0.00 354.94 -362.86 0.00 0.00 354.94 -362.86 0.00 0.00 
356.13 -363.05 0.00 0.00 356.13 -363.05 0.00 0.00 356.13 -363.05 0.00 0.00 356.13 -363.05 0.00 0.00 356.13 -363.05 0.00 0.00 
357.31 -363.24 0.00 0.00 357.31 -363.24 0.00 0.00 357.31 -363.24 0.00 0.00 357.31 -363.24 0.00 0.00 357.31 -363.24 0.00 0.00 
358.51 -363.43 0.00 0.00 358.51 -363.43 0.00 0.00 358.51 -363.43 0.00 0.00 358.51 -363.43 0.00 0.00 358.51 -363.43 0.00 0.00 
359.71 -363.61 0.00 0.00 359.71 -363.61 0.00 0.00 359.71 -363.61 0.00 0.00 359.71 -363.61 0.00 0.00 359.71 -363.61 0.00 0.00 
360.91 -363.78 0.00 0.00 360.91 -363.78 0.00 0.00 360.91 -363.78 0.00 0.00 360.91 -363.78 0.00 0.00 360.91 -363.78 0.00 0.00 
362.12 -363.95 0.00 0.00 362.12 -363.95 0.00 0.00 362.12 -363.95 0.00 0.00 362.12 -363.95 0.00 0.00 362.12 -363.95 0.00 0.00 
363.33 -364.11 0.00 0.00 363.33 -364.11 0.00 0.00 363.33 -364.11 0.00 0.00 363.33 -364.11 0.00 0.00 363.33 -364.11 0.00 0.00 
364.54 -364.28 0.00 0.00 364.54 -364.28 0.00 0.00 364.54 -364.28 0.00 0.00 364.54 -364.28 0.00 0.00 364.54 -364.28 0.00 0.00 
365.76 -364.43 0.00 0.00 365.76 -364.43 0.00 0.00 365.76 -364.43 0.00 0.00 365.76 -364.43 0.00 0.00 365.76 -364.43 0.00 0.00 
366.98 -364.58 0.00 0.00 366.98 -364.58 0.00 0.00 366.98 -364.58 0.00 0.00 366.98 -364.58 0.00 0.00 366.98 -364.58 0.00 0.00 
368.21 -364.73 0.00 0.00 368.21 -364.73 0.00 0.00 368.21 -364.73 0.00 0.00 368.21 -364.73 0.00 0.00 368.21 -364.73 0.00 0.00 
369.44 -364.88 0.00 0.00 369.44 -364.88 0.00 0.00 369.44 -364.88 0.00 0.00 369.44 -364.88 0.00 0.00 369.44 -364.88 0.00 0.00 
370.67 -365.02 0.00 0.00 370.67 -365.02 0.00 0.00 370.67 -365.02 0.00 0.00 370.67 -365.02 0.00 0.00 370.67 -365.02 0.00 0.00 
371.91 -365.16 0.00 0.00 371.91 -365.16 0.00 0.00 371.91 -365.16 0.00 0.00 371.91 -365.16 0.00 0.00 371.91 -365.16 0.00 0.00 
373.15 -365.29 0.00 0.00 373.15 -365.29 0.00 0.00 373.15 -365.29 0.00 0.00 373.15 -365.29 0.00 0.00 373.15 -365.29 0.00 0.00 
374.39 -365.42 0.00 0.00 374.39 -365.42 0.00 0.00 374.39 -365.42 0.00 0.00 374.39 -365.42 0.00 0.00 374.39 -365.42 0.00 0.00 
375.64 -365.55 0.00 0.00 375.64 -365.55 0.00 0.00 375.64 -365.55 0.00 0.00 375.64 -365.55 0.00 0.00 375.64 -365.55 0.00 0.00 
376.89 -365.67 0.00 0.00 376.89 -365.67 0.00 0.00 376.89 -365.67 0.00 0.00 376.89 -365.67 0.00 0.00 376.89 -365.67 0.00 0.00 
378.14 -365.80 0.00 0.00 378.14 -365.80 0.00 0.00 378.14 -365.80 0.00 0.00 378.14 -365.80 0.00 0.00 378.14 -365.80 0.00 0.00 
379.39 -365.92 0.00 0.00 379.39 -365.92 0.00 0.00 379.39 -365.92 0.00 0.00 379.39 -365.92 0.00 0.00 379.39 -365.92 0.00 0.00 
380.64 -366.04 0.00 0.00 380.64 -366.04 0.00 0.00 380.64 -366.04 0.00 0.00 380.64 -366.04 0.00 0.00 380.64 -366.04 0.00 0.00 
381.90 -366.15 0.00 0.00 381.90 -366.15 0.00 0.00 381.90 -366.15 0.00 0.00 381.90 -366.15 0.00 0.00 381.90 -366.15 0.00 0.00 
383.16 -366.27 0.00 0.00 383.16 -366.27 0.00 0.00 383.16 -366.27 0.00 0.00 383.16 -366.27 0.00 0.00 383.16 -366.27 0.00 0.00 
384.42 -366.38 0.00 0.00 384.42 -366.38 0.00 0.00 384.42 -366.38 0.00 0.00 384.42 -366.38 0.00 0.00 384.42 -366.38 0.00 0.00 
385.68 -366.49 0.00 0.00 385.68 -366.49 0.00 0.00 385.68 -366.49 0.00 0.00 385.68 -366.49 0.00 0.00 385.68 -366.49 0.00 0.00 
386.94 -366.60 0.00 0.00 386.94 -366.60 0.00 0.00 386.94 -366.60 0.00 0.00 386.94 -366.60 0.00 0.00 386.94 -366.60 0.00 0.00 
388.21 -366.71 0.00 0.00 388.21 -366.71 0.00 0.00 388.21 -366.71 0.00 0.00 388.21 -366.71 0.00 0.00 388.21 -366.71 0.00 0.00 
389.47 -366.82 0.00 0.00 389.47 -366.82 0.00 0.00 389.47 -366.82 0.00 0.00 389.47 -366.82 0.00 0.00 389.47 -366.82 0.00 0.00 
390.74 -366.92 0.00 0.00 390.74 -366.92 0.00 0.00 390.74 -366.92 0.00 0.00 390.74 -366.92 0.00 0.00 390.74 -366.92 0.00 0.00 
392.00 -367.03 0.00 0.00 392.00 -367.03 0.00 0.00 392.00 -367.03 0.00 0.00 392.00 -367.03 0.00 0.00 392.00 -367.03 0.00 0.00 
393.27 -367.13 0.00 0.00 393.27 -367.13 0.00 0.00 393.27 -367.13 0.00 0.00 393.27 -367.13 0.00 0.00 393.27 -367.13 0.00 0.00 
394.54 -367.24 0.00 0.00 394.54 -367.24 0.00 0.00 394.54 -367.24 0.00 0.00 394.54 -367.24 0.00 0.00 394.54 -367.24 0.00 0.00 
395.80 -367.34 0.00 0.00 395.80 -367.34 0.00 0.00 395.80 -367.34 0.00 0.00 395.80 -367.34 0.00 0.00 395.80 -367.34 0.00 0.00 
397.07 -367.45 0.00 0.00 397.07 -367.45 0.00 0.00 397.07 -367.45 0.00 0.00 397.07 -367.45 0.00 0.00 397.07 -367.45 0.00 0.00 
398.34 -367.55 0.00 0.00 398.34 -367.55 0.00 0.00 398.34 -367.55 0.00 0.00 398.34 -367.55 0.00 0.00 398.34 -367.55 0.00 0.00 
399.60 -367.66 0.00 0.00 399.60 -367.66 0.00 0.00 399.60 -367.66 0.00 0.00 399.60 -367.66 0.00 0.00 399.60 -367.66 0.00 0.00 
400.87 -367.76 0.00 0.00 400.87 -367.76 0.00 0.00 400.87 -367.76 0.00 0.00 400.87 -367.76 0.00 0.00 400.87 -367.76 0.00 0.00 
402.14 -367.87 0.00 0.00 402.14 -367.87 0.00 0.00 402.14 -367.87 0.00 0.00 402.14 -367.87 0.00 0.00 402.14 -367.87 0.00 0.00 
403.40 -367.98 0.00 0.00 403.40 -367.98 0.00 0.00 403.40 -367.98 0.00 0.00 403.40 -367.98 0.00 0.00 403.40 -367.98 0.00 0.00 
404.66 -368.08 0.00 0.00 404.66 -368.08 0.00 0.00 404.66 -368.08 0.00 0.00 404.66 -368.08 0.00 0.00 404.66 -368.08 0.00 0.00 
405.93 -368.19 0.00 0.00 405.93 -368.19 0.00 0.00 405.93 -368.19 0.00 0.00 405.93 -368.19 0.00 0.00 405.93 -368.19 0.00 0.00 
407.19 -368.30 0.00 0.00 407.19 -368.30 0.00 0.00 407.19 -368.30 0.00 0.00 407.19 -368.30 0.00 0.00 407.19 -368.30 0.00 0.00 
408.45 -368.42 0.00 0.00 408.45 -368.42 0.00 0.00 408.45 -368.42 0.00 0.00 408.45 -368.42 0.00 0.00 408.45 -368.42 0.00 0.00 
409.71 -368.53 0.00 0.00 409.71 -368.53 0.00 0.00 409.71 -368.53 0.00 0.00 409.71 -368.53 0.00 0.00 409.71 -368.53 0.00 0.00 
410.96 -368.65 0.00 0.00 410.96 -368.65 0.00 0.00 410.96 -368.65 0.00 0.00 410.96 -368.65 0.00 0.00 410.96 -368.65 0.00 0.00 
412.22 -368.77 0.00 0.00 412.22 -368.77 0.00 0.00 412.22 -368.77 0.00 0.00 412.22 -368.77 0.00 0.00 412.22 -368.77 0.00 0.00 
413.47 -368.89 0.00 0.00 413.47 -368.89 0.00 0.00 413.47 -368.89 0.00 0.00 413.47 -368.89 0.00 0.00 413.47 -368.89 0.00 0.00 
414.72 -369.01 0.00 0.00 414.72 -369.01 0.00 0.00 414.72 -369.01 0.00 0.00 414.72 -369.01 0.00 0.00 414.72 -369.01 0.00 0.00 
415.97 -369.13 0.00 0.00 415.97 -369.13 0.00 0.00 415.97 -369.13 0.00 0.00 415.97 -369.13 0.00 0.00 415.97 -369.13 0.00 0.00 
417.21 -369.26 0.00 0.00 417.21 -369.26 0.00 0.00 417.21 -369.26 0.00 0.00 417.21 -369.26 0.00 0.00 417.21 -369.26 0.00 0.00 
418.46 -369.39 0.00 0.00 418.46 -369.39 0.00 0.00 418.46 -369.39 0.00 0.00 418.46 -369.39 0.00 0.00 418.46 -369.39 0.00 0.00 
419.70 -369.53 0.00 0.00 419.70 -369.53 0.00 0.00 419.70 -369.53 0.00 0.00 419.70 -369.53 0.00 0.00 419.70 -369.53 0.00 0.00 
420.93 -369.67 0.00 0.00 420.93 -369.67 0.00 0.00 420.93 -369.67 0.00 0.00 420.93 -369.67 0.00 0.00 420.93 -369.67 0.00 0.00 
422.17 -369.81 0.00 0.00 422.17 -369.81 0.00 0.00 422.17 -369.81 0.00 0.00 422.17 -369.81 0.00 0.00 422.17 -369.81 0.00 0.00 
423.40 -369.95 0.00 0.00 423.40 -369.95 0.00 0.00 423.40 -369.95 0.00 0.00 423.40 -369.95 0.00 0.00 423.40 -369.95 0.00 0.00 
424.62 -370.10 0.00 0.00 424.62 -370.10 0.00 0.00 424.62 -370.10 0.00 0.00 424.62 -370.10 0.00 0.00 424.62 -370.10 0.00 0.00 
425.84 -370.25 0.00 0.00 425.84 -370.25 0.00 0.00 425.84 -370.25 0.00 0.00 425.84 -370.25 0.00 0.00 425.84 -370.25 0.00 0.00 
427.06 -370.41 0.00 0.00 427.06 -370.41 0.00 0.00 427.06 -370.41 0.00 0.00 427.06 -370.41 0.00 0.00 427.06 -370.41 0.00 0.00 
428.28 -370.57 0.00 0.00 428.28 -370.57 0.00 0.00 428.28 -370.57 0.00 0.00 428.28 -370.57 0.00 0.00 428.28 -370.57 0.00 0.00 
429.49 -370.74 0.00 0.00 429.49 -370.74 0.00 0.00 429.49 -370.74 0.00 0.00 429.49 -370.74 0.00 0.00 429.49 -370.74 0.00 0.00 
430.70 -370.90 0.00 0.00 430.70 -370.90 0.00 0.00 430.70 -370.90 0.00 0.00 430.70 -370.90 0.00 0.00 430.70 -370.90 0.00 0.00 
431.90 -371.08 0.00 0.00 431.90 -371.08 0.00 0.00 431.90 -371.08 0.00 0.00 431.90 -371.08 0.00 0.00 431.90 -371.08 0.00 0.00 
433.10 -371.26 0.00 0.00 433.10 -371.26 0.00 0.00 433.10 -371.26 0.00 0.00 433.10 -371.26 0.00 0.00 433.10 -371.26 0.00 0.00 
434.29 -371.44 0.00 0.00 434.29 -371.44 0.00 0.00 434.29 -371.44 0.00 0.00 434.29 -371.44 0.00 0.00 434.29 -371.44 0.00 0.00 
435.48 -371.63 0.00 0.00 435.48 -371.63 0.00 0.00 435.48 -371.63 0.00 0.00 435.48 -371.63 0.00 0.00 435.48 -371.63 0.00 0.00 
436.66 -371.83 0.00 0.00 436.66 -371.83 0.00 0.00 436.66 -371.83 0.00 0.00 436.66 -371.83 0.00 0.00 436.66 -371.83 0.00 0.00 
437.84 -372.03 0.00 0.00 437.84 -372.03 0.00 0.00 437.84 -372.03 0.00 0.00 437.84 -372.03 0.00 0.00 437.84 -372.03 0.00 0.00 
439.01 -372.23 0.00 0.00 439.01 -372.23 0.00 0.00 439.01 -372.23 0.00 0.00 439.01 -372.23 0.00 0.00 439.01 -372.23 0.00 0.00 
440.18 -372.44 0.00 0.00 440.18 -372.44 0.00 0.00 440.18 -372.44 0.00 0.00 440.18 -372.44 0.00 0.00 440.18 -372.44 0.00 0.00 
441.35 -372.66 0.00 0.00 441.35 -372.66 0.00 0.00 441.35 -372.66 0.00 0.00 441.35 -372.66 0.00 0.00 441.35 -372.66 0.00 0.00 
442.50 -372.89 0.00 0.00 442.50 -372.89 0.00 0.00 442.50 -372.89 0.00 0.00 442.50 -372.89 0.00 0.00 442.50 -372.89 0.00 0.00 
443.65 -373.12 0.00 0.00 443.65 -373.12 0.00 0.00 443.65 -373.12 0.00 0.00 443.65 -373.12 0.00 0.00 443.65 -373.12 0.00 0.00 
444.80 -373.35 0.00 0.00 444.80 -373.35 0.00 0.00 444.80 -373.35 0.00 0.00 444.80 -373.35 0.00 0.00 444.80 -373.35 0.00 0.00 
445.94 -373.59 0.00 0.00 445.94 -373.59 0.00 0.00 445.94 -373.59 0.00 0.00 445.94 -373.59 0.00 0.00 445.94 -373.59 0.00 0.00 
447.07 -373.84 0.00 0.00 447.07 -373.84 0.00 0.00 447.07 -373.84 0.00 0.00 447.07 -373.84 0.00 0.00 447.07 -373.84 0.00 0.00 
448.20 -374.10 0.00 0.00 448.20 -374.10 0.00 0.00 448.20 -374.10 0.00 0.00 448.20 -374.10 0.00 0.00 448.20 -374.10 0.00 0.00 
449.32 -374.36 0.00 0.00 449.32 -374.36 0.00 0.00 449.32 -374.36 0.00 0.00 449.32 -374.36 0.00 0.00 449.32 -374.36 0.00 0.00 
450.43 -374.63 0.00 0.00 450.43 -374.63 0.00 0.00 450.43 -374.63 0.00 0.00 450.43 -374.63 0.00 0.00 450.43 -374.63 0.00 0.00 
451.54 -374.91 0.00 0.00 451.54 -374.91 0.00 0.00 451.54 -374.91 0.00 0.00 451.54 -374.91 0.00 0.00 451.54 -374.91 0.00 0.00 
452.64 -375.19 0.00 0.00 452.64 -375.19 0.00 0.00 452.64 -375.19 0.00 0.00 452.64 -375.19 0.00 0.00 452.64 -375.19 0.00 0.00 
453.73 -375.48 0.00 0.00 453.73 -375.48 0.00 0.00 453.73 -375.48 0.00 0.00 453.73 -375.48 0.00 0.00 453.73 -375.48 0.00 0.00 
454.82 -375.78 0.00 0.00 454.82 -375.78 0.00 0.00 454.82 -375.78 0.00 0.00 454.82 -375.78 0.00 0.00 454.82 -375.78 0.00 0.00 
455.90 -376.09 0.00 0.00 455.90 -376.09 0.00 0.00 455.90 -376.09 0.00 0.00 455.90 -376.09 0.00 0.00 455.90 -376.09 0.00 0.00 
456.97 -376.40 0.00 0.00 456.97 -376.40 0.00 0.00 456.97 -376.40 0.00 0.00 456.97 -376.40 0.00 0.00 456.97 -376.40 0.00 0.00 
458.04 -376.72 0.00 0.00 458.04 -376.72 0.00 0.00 458.04 -376.72 0.00 0.00 458.04 -376.72 0.00 0.00 458.04 -376.72 0.00 0.00 
459.10 -377.05 0.00 0.00 459.10 -377.05 0.00 0.00 459.10 -377.05 0.00 0.00 459.10 -377.05 0.00 0.00 459.10 -377.05 0.00 0.00 
460.15 -377.39 0.00 0.00 460.15 -377.39 0.00 0.00 460.15 -377.39 0.00 0.00 460.15 -377.39 0.00 0.00 460.15 -377.39 0.00 0.00 
461.19 -377.74 0.00 0.00 461.19 -377.74 0.00 0.00 461.19 -377.74 0.00 0.00 461.19 -377.74 0.00 0.00 461.19 -377.74 0.00 0.00 
462.23 -378.09 0.00 0.00 462.23 -378.09 0.00 0.00 462.23 -378.09 0.00 0.00 462.23 -378.09 0.00 0.00 462.23 -378.09 0.00 0.00 
463.26 -378.45 0.00 0.00 463.26 -378.45 0.00 0.00 463.26 -378.45 0.00 0.00 463.26 -378.45 0.00 0.00 463.26 -378.45 0.00 0.00 
464.28 -378.83 0.00 0.00 464.28 -378.83 0.00 0.00 464.28 -378.83 0.00 0.00 464.28 -378.83 0.00 0.00 464.28 -378.83 0.00 0.00 
465.29 -379.21 0.00 0.00 465.29 -379.21 0.00 0.00 465.29 -379.21 0.00 0.00 465.29 -379.21 0.00 0.00 465.29 -379.21 0.00 0.00 
466.29 -379.59 0.00 0.00 466.29 -379.59 0.00 0.00 466.29 -379.59 0.00 0.00 466.29 -379.59 0.00 0.00 466.29 -379.59 0.00 0.00 
467.29 -379.99 0.00 0.00 467.29 -379.99 0.00 0.00 467.29 -379.99 0.00 0.00 467.29 -379.99 0.00 0.00 467.29 -379.99 0.00 0.00 
468.28 -380.40 0.00 0.00 468.28 -380.40 0.00 0.00 468.28 -380.40 0.00 0.00 468.28 -380.40 0.00 0.00 468.28 -380.40 0.00 0.00 
469.25 -380.81 0.00 0.00 469.25 -380.81 0.00 0.00 469.25 -380.81 0.00 0.00 469.25 -380.81 0.00 0.00 469.25 -380.81 0.00 0.00 
470.23 -381.23 0.00 0.00 470.23 -381.23 0.00 0.00 470.23 -381.23 0.00 0.00 470.23 -381.23 0.00 0.00 470.23 -381.23 0.00 0.00 
471.19 -381.67 0.00 0.00 471.19 -381.67 0.00 0.00 471.19 -381.67 0.00 0.00 471.19 -381.67 0.00 0.00 471.19 -381.67 0.00 0.00 
472.14 -382.11 0.00 0.00 472.14 -382.11 0.00 0.00 472.14 -382.11 0.00 0.00 472.14 -382.11 0.00 0.00 472.14 -382.11 0.00 0.00 
473.09 -382.56 0.00 0.00 473.09 -382.56 0.00 0.00 473.09 -382.56 0.00 0.00 473.09 -382.56 0.00 0.00 473.09 -382.56 0.00 0.00 
474.03 -383.02 0.00 0.00 474.03 -383.02 0.00 0.00 474.03 -383.02 0.00 0.00 474.03 -383.02 0.00 0.00 474.03 -383.02 0.00 0.00 
474.96 -383.49 0.00 0.00 474.96 -383.49 0.00 0.00 474.96 -383.49 0.00 0.00 474.96 -383.49 0.00 0.00 474.96 -383.49 0.00 0.00 
475.88 -383.97 0.00 0.00 475.88 -383.97 0.00 0.00 475.88 -383.97 0.00 0.00 475.88 -383.97 0.00 0.00 475.88 -383.97 0.00 0.00 
476.79 -384.45 0.00 0.00 476.79 -384.45 0.00 0.00 476.79 -384.45 0.00 0.00 476.79 -384.45 0.00 0.00 476.79 -384.45 0.00 0.00 
477.69 -384.95 0.00 0.00 477.69 -384.95 0.00 0.00 477.69 -384.95 0.00 0.00 477.69 -384.95 0.00 0.00 477.69 -384.95 0.00 0.00 
478.58 -385.46 0.00 0.00 478.58 -385.46 0.00 0.00 478.58 -385.46 0.00 0.00 478.58 -385.46 0.00 0.00 478.58 -385.46 0.00 0.00 
479.47 -385.98 0.00 0.00 479.47 -385.98 0.00 0.00 479.47 -385.98 0.00 0.00 479.47 -385.98 0.00 0.00 479.47 -385.98 0.00 0.00 
480.34 -386.50 0.00 0.00 480.34 -386.50 0.00 0.00 480.34 -386.50 0.00 0.00 480.34 -386.50 0.00 0.00 480.34 -386.50 0.00 0.00 
481.21 -387.04 0.00 0.00 481.21 -387.04 0.00 0.00 481.21 -387.04 0.00 0.00 481.21 -387.04 0.00 0.00 481.21 -387.04 0.00 0.00 
482.07 -387.58 0.00 0.00 482.07 -387.58 0.00 0.00 482.07 -387.58 0.00 0.00 482.07 -387.58 0.00 0.00 482.07 -387.58 0.00 0.00 
482.92 -388.14 0.00 0.00 482.92 -388.14 0.00 0.00 482.92 -388.14 0.00 0.00 482.92 -388.14 0.00 0.00 482.92 -388.14 0.00 0.00 
483.76 -388.71 0.00 0.00 483.76 -388.71 0.00 0.00 483.76 -388.71 0.00 0.00 483.76 -388.71 0.00 0.00 483.76 -388.71 0.00 0.00 
484.59 -389.28 0.00 0.00 484.59 -389.28 0.00 0.00 484.59 -389.28 0.00 0.00 484.59 -389.28 0.00 0.00 484.59 -389.28 0.00 0.00 
485.41 -389.87 0.00 0.00 485.41 -389.87 0.00 0.00 485.41 -389.87 0.00 0.00 485.41 -389.87 0.00 0.00 485.41 -389.87 0.00 0.00 
486.22 -390.46 0.00 0.00 486.22 -390.46 0.00 0.00 486.22 -390.46 0.00 0.00 486.22 -390.46 0.00 0.00 486.22 -390.46 0.00 0.00 
487.02 -391.07 0.00 0.00 487.02 -391.07 0.00 0.00 487.02 -391.07 0.00 0.00 487.02 -391.07 0.00 0.00 487.02 -391.07 0.00 0.00 
487.82 -391.68 0.00 0.00 487.82 -391.68 0.00 0.00 487.82 -391.68 0.00 0.00 487.82 -391.68 0.00 0.00 487.82 -391.68 0.00 0.00 
488.60 -392.31 0.00 0.00 488.60 -392.31 0.00 0.00 488.60 -392.31 0.00 0.00 488.60 -392.31 0.00 0.00 488.60 -392.31 0.00 0.00 
489.38 -392.94 0.00 0.00 489.38 -392.94 0.00 0.00 489.38 -392.94 0.00 0.00 489.38 -392.94 0.00 0.00 489.38 -392.94 0.00 0.00 
490.14 -393.59 0.00 0.00 490.14 -393.59 0.00 0.00 490.14 -393.59 0.00 0.00 490.14 -393.59 0.00 0.00 490.14 -393.59 0.00 0.00 
490.90 -394.24 0.00 0.00 490.90 -394.24 0.00 0.00 490.90 -394.24 0.00 0.00 490.90 -394.24 0.00 0.00 490.90 -394.24 0.00 0.00 
491.64 -394.91 0.00 0.00 491.64 -394.91 0.00 0.00 491.64 -394.91 0.00 0.00 491.64 -394.91 0.00 0.00 491.64 -394.91 0.00 0.00 
492.38 -395.58 0.00 0.00 492.38 -395.58 0.00 0.00 492.38 -395.58 0.00 0.00 492.38 -395.58 0.00 0.00 492.38 -395.58 0.00 0.00 
493.11 -396.27 0.00 0.00 493.11 -396.27 0.00 0.00 493.11 -396.27 0.00 0.00 493.11 -396.27 0.00 0.00 493.11 -396.27 0.00 0.00 
493.83 -396.96 0.00 0.00 493.83 -396.96 0.00 0.00 493.83 -396.96 0.00 0.00 493.83 -396.96 0.00 0.00 493.83 -396.96 0.00 0.00 
494.54 -397.67 0.00 0.00 494.54 -397.67 0.00 0.00 494.54 -397.67 0.00 0.00 494.54 -397.67 0.00 0.00 494.54 -397.67 0.00 0.00 
495.24 -398.38 0.00 0.00 495.24 -398.38 0.00 0.00 495.24 -398.38 0.00 0.00 495.24 -398.38 0.00 0.00 495.24 -398.38 0.00 0.00 
495.93 -399.11 0.00 0.00 495.93 -399.11 0.00 0.00 495.93 -399.11 0.00 0.00 495.93 -399.11 0.00 0.00 495.93 -399.11 0.00 0.00 
496.61 -399.84 0.00 0.00 496.61 -399.84 0.00 0.00 496.61 -399.84 0.00 0.00 496.61 -399.84 0.00 0.00 496.61 -399.84 0.00 0.00 
497.28 -400.59 0.00 0.00 497.28 -400.59 0.00 0.00 497.28 -400.59 0.00 0.00 497.28 -400.59 0.00 0.00 497.28 -400.59 0.00 0.00 
497.95 -401.35 0.00 0.00 497.95 -401.35 0.00 0.00 497.95 -401.35 0.00 0.00 497.95 -401.35 0.00 0.00 497.95 -401.35 0.00 0.00 
498.60 -402.11 0.00 0.00 498.60 -402.11 0.00 0.00 498.60 -402.11 0.00 0.00 498.60 -402.11 0.00 0.00 498.60 -402.11 0.00 0.00 
499.25 -402.89 0.00 0.00 499.25 -402.89 0.00 0.00 499.25 -402.89 0.00 0.00 499.25 -402.89 0.00 0.00 499.25 -402.89 0.00 0.00 
499.88 -403.67 0.00 0.00 499.88 -403.67 0.00 0.00 499.88 -403.67 0.00 0.00 499.88 -403.67 0.00 0.00 499.88 -403.67 0.00 0.00 
500.51 -404.47 0.00 0.00 500.51 -404.47 0.00 0.00 500.51 -404.47 0.00 0.00 500.51 -404.47 0.00 0.00 500.51 -404.47 0.00 0.00 
501.13 -405.27 0.00 0.00 501.13 -405.27 0.00 0.00 501.13 -405.27 0.00 0.00 501.13 -405.27 0.00 0.00 501.13 -405.27 0.00 0.00 
501.73 -406.09 0.00 0.00 501.73 -406.09 0.00 0.00 501.73 -406.09 0.00 0.00 501.73 -406.09 0.00 0.00 501.73 -406.09 0.00 0.00 
502.33 -406.91 0.00 0.00 502.33 -406.91 0.00 0.00 502.33 -406.91 0.00 0.00 502.33 -406.91 0.00 0.00 502.33 -406.91 0.00 0.00 
502.92 -407.74 0.00 0.00 502.92 -407.74 0.00 0.00 502.92 -407.74 0.00 0.00 502.92 -407.74 0.00 0.00 502.92 -407.74 0.00 0.00 
503.50 -408.59 0.00 0.00 503.50 -408.59 0.00 0.00 503.50 -408.59 0.00 0.00 503.50 -408.59 0.00 0.00 503.50 -408.59 0.00 0.00 
504.08 -409.44 0.00 0.00 504.08 -409.44 0.00 0.00 504.08 -409.44 0.00 0.00 504.08 -409.44 0.00 0.00 504.08 -409.44 0.00 0.00 
504.64 -410.30 0.00 0.00 504.64 -410.30 0.00 0.00 504.64 -410.30 0.00 0.00 504.64 -410.30 0.00 0.00 504.64 -410.30 0.00 0.00 
505.19 -411.18 0.00 0.00 505.19 -411.18 0.00 0.00 505.19 -411.18 0.00 0.00 505.19 -411.18 0.00 0.00 505.19 -411.18 0.00 0.00 
505.74 -412.06 0.00 0.00 505.74 -412.06 0.00 0.00 505.74 -412.06 0.00 0.00 505.74 -412.06 0.00 0.00 505.74 -412.06 0.00 0.00 
506.28 -412.95 0.00 0.00 506.28 -412.95 0.00 0.00 506.28 -412.95 0.00 0.00 506.28 -412.95 0.00 0.00 506.28 -412.95 0.00 0.00 
506.81 -413.85 0.00 0.00 506.81 -413.85 0.00 0.00 506.81 -413.85 0.00 0.00 506.81 -413.85 0.00 0.00 506.81 -413.85 0.00 0.00 
507.33 -414.76 0.00 0.00 507.33 -414.76 0.00 0.00 507.33 -414.76 0.00 0.00 507.33 -414.76 0.00 0.00 507.33 -414.76 0.00 0.00 
507.84 -415.68 0.00 0.00 507.84 -415.68 0.00 0.00 507.84 -415.68 0.00 0.00 507.84 -415.68 0.00 0.00 507.84 -415.68 0.00 0.00 
508.34 -416.61 0.00 0.00 508.34 -416.61 0.00 0.00 508.34 -416.61 0.00 0.00 508.34 -416.61 0.00 0.00 508.34 -416.61 0.00 0.00 
508.84 -417.54 0.00 0.00 508.84 -417.54 0.00 0.00 508.84 -417.54 0.00 0.00 508.84 -417.54 0.00 0.00 508.84 -417.54 0.00 0.00 
509.32 -418.49 0.00 0.00 509.32 -418.49 0.00 0.00 509.32 -418.49 0.00 0.00 509.32 -418.49 0.00 0.00 509.32 -418.49 0.00 0.00 
509.80 -419.45 0.00 0.00 509.80 -419.45 0.00 0.00 509.80 -419.45 0.00 0.00 509.80 -419.45 0.00 0.00 509.80 -419.45 0.00 0.00 
510.27 -420.41 0.00 0.00 510.27 -420.41 0.00 0.00 510.27 -420.41 0.00 0.00 510.27 -420.41 0.00 0.00 510.27 -420.41 0.00 0.00 
510.73 -421.38 0.00 0.00 510.73 -421.38 0.00 0.00 510.73 -421.38 0.00 0.00 510.73 -421.38 0.00 0.00 510.73 -421.38 0.00 0.00 
511.19 -422.36 0.00 0.00 511.19 -422.36 0.00 0.00 511.19 -422.36 0.00 0.00 511.19 -422.36 0.00 0.00 511.19 -422.36 0.00 0.00 
511.63 -423.35 0.00 0.00 511.63 -423.35 0.00 0.00 511.63 -423.35 0.00 0.00 511.63 -423.35 0.00 0.00 511.63 -423.35 0.00 0.00 
512.07 -424.35 0.00 0.00 512.07 -424.35 0.00 0.00 512.07 -424.35 0.00 0.00 512.07 -424.35 0.00 0.00 512.07 -424.35 0.00 0.00 
512.50 -425.36 0.00 0.00 512.50 -425.36 0.00 0.00 512.50 -425.36 0.00 0.00 512.50 -425.36 0.00 0.00 512.50 -425.36 0.00 0.00 
512.92 -426.37 0.00 0.00 512.92 -426.37 0.00 0.00 512.92 -426.37 0.00 0.00 512.92 -426.37 0.00 0.00 512.92 -426.37 0.00 0.00 
513.34 -427.39 0.00 0.00 513.34 -427.39 0.00 0.00 513.34 -427.39 0.00 0.00 513.34 -427.39 0.00 0.00 513.34 -427.39 0.00 0.00 
513.75 -428.42 0.00 0.00 513.75 -428.42 0.00 0.00 513.75 -428.42 0.00 0.00 513.75 -428.42 0.00 0.00 513.75 -428.42 0.00 0.00 
514.15 -429.46 0.00 0.00 514.15 -429.46 0.00 0.00 514.15 -429.46 0.00 0.00 514.15 -429.46 0.00 0.00 514.15 -429.46 0.00 0.00 
514.54 -430.51 0.00 0.00 514.54 -430.51 0.00 0.00 514.54 -430.51 0.00 0.00 514.54 -430.51 0.00 0.00 514.54 -430.51 0.00 0.00 
514.92 -431.56 0.00 0.00 514.92 -431.56 0.00 0.00 514.92 -431.56 0.00 0.00 514.92 -431.56 0.00 0.00 514.92 -431.56 0.00 0.00 
515.30 -432.63 0.00 0.00 515.30 -432.63 0.00 0.00 515.30 -432.63 0.00 0.00 515.30 -432.63 0.00 0.00 515.30 -432.63 0.00 0.00 
515.68 -433.69 0.00 0.00 515.68 -433.69 0.00 0.00 515.68 -433.69 0.00 0.00 515.68 -433.69 0.00 0.00 515.68 -433.69 0.00 0.00 
516.04 -434.77 0.00 0.00 516.04 -434.77 0.00 0.00 516.04 -434.77 0.00 0.00 516.04 -434.77 0.00 0.00 516.04 -434.77 0.00 0.00 
516.40 -435.85 0.00 0.00 516.40 -435.85 0.00 0.00 516.40 -435.85 0.00 0.00 516.40 -435.85 0.00 0.00 516.40 -435.85 0.00 0.00 
516.75 -436.95 0.00 0.00 516.75 -436.95 0.00 0.00 516.75 -436.95 0.00 0.00 516.75 -436.95 0.00 0.00 516.75 -436.95 0.00 0.00 
517.10 -438.04 0.00 0.00 517.10 -438.04 0.00 0.00 517.10 -438.04 0.00 0.00 517.10 -438.04 0.00 0.00 517.10 -438.04 0.00 0.00 
517.44 -439.15 0.00 0.00 517.44 -439.15 0.00 0.00 517.44 -439.15 0.00 0.00 517.44 -439.15 0.00 0.00 517.44 -439.15 0.00 0.00 
517.77 -440.26 0.00 0.00 517.77 -440.26 0.00 0.00 517.77 -440.26 0.00 0.00 517.77 -440.26 0.00 0.00 517.77 -440.26 0.00 0.00 
518.10 -441.38 0.00 0.00 518.10 -441.38 0.00 0.00 518.10 -441.38 0.00 0.00 518.10 -441.38 0.00 0.00 518.10 -441.38 0.00 0.00 
518.42 -442.50 0.00 0.00 518.42 -442.50 0.00 0.00 518.42 -442.50 0.00 0.00 518.42 -442.50 0.00 0.00 518.42 -442.50 0.00 0.00 
518.73 -443.63 0.00 0.00 518.73 -443.63 0.00 0.00 518.73 -443.63 0.00 0.00 518.73 -443.63 0.00 0.00 518.73 -443.63 0.00 0.00 
519.04 -444.77 0.00 0.00 519.04 -444.77 0.00 0.00 519.04 -444.77 0.00 0.00 519.04 -444.77 0.00 0.00 519.04 -444.77 0.00 0.00 
519.34 -445.91 0.00 0.00 519.34 -445.91 0.00 0.00 519.34 -445.91 0.00 0.00 519.34 -445.91 0.00 0.00 519.34 -445.91 0.00 0.00 
