501 495 526 551 560 521 527 496 471 462 501 
501 494 525 550 560 521 528 497 472 462 501 
501 494 524 550 560 521 528 498 472 462 501 
501 493 524 549 560 521 529 498 473 462 501 
501 492 523 549 560 521 530 499 473 462 501 
502 491 522 548 560 520 531 500 474 462 502 
502 490 521 547 560 520 532 501 475 462 502 
502 490 520 547 560 520 532 502 475 462 502 
502 489 519 546 559 520 533 503 476 463 502 
502 488 518 546 559 520 534 504 476 463 502 
502 487 518 545 559 520 535 504 477 463 502 
502 487 517 544 559 520 535 505 478 463 502 
502 486 516 544 559 520 536 506 478 463 502 
502 485 515 543 559 520 537 507 479 463 502 
502 484 514 543 558 520 538 508 479 464 502 
502 484 513 542 558 520 538 509 480 464 502 
502 483 512 541 558 520 539 510 481 464 502 
503 482 511 541 558 519 540 511 481 464 503 
503 481 511 540 557 519 541 511 482 465 503 
503 481 510 539 557 519 541 512 483 465 503 
503 480 509 538 557 519 542 513 484 465 503 
503 479 508 538 557 519 543 514 484 465 503 
503 479 507 537 556 519 543 515 485 466 503 
503 478 506 536 556 519 544 516 486 466 503 
503 478 505 535 556 519 544 517 487 466 503 
503 477 504 535 555 519 545 518 487 467 503 
504 476 504 534 555 518 546 518 488 467 504 
504 476 503 533 555 518 546 519 489 467 504 
504 475 502 532 554 518 547 520 490 468 504 
504 475 501 532 554 518 547 521 490 468 504 
504 474 500 531 553 518 548 522 491 469 504 
504 473 499 530 553 518 549 523 492 469 504 
504 473 498 529 553 518 549 524 493 469 504 
505 472 498 528 552 517 550 524 494 470 505 
505 472 497 528 552 517 550 525 494 470 505 
505 471 496 527 551 517 551 526 495 471 505 
505 462 495 526 551 517 551 527 496 471 505 
505 462 494 525 550 517 552 528 497 472 505 
505 463 494 524 550 517 552 528 498 472 505 
505 463 493 524 549 517 553 529 498 473 505 
506 463 492 523 549 516 553 530 499 473 506 
506 464 491 522 548 516 553 531 500 474 506 
506 464 490 521 547 516 554 532 501 475 506 
506 464 490 520 547 516 554 532 502 475 506 
506 465 489 519 546 516 555 533 503 476 506 
506 465 488 518 546 516 555 534 504 476 506 
507 466 487 518 545 515 555 535 504 477 507 
507 466 487 517 544 515 556 535 505 478 507 
507 466 486 516 544 515 556 536 506 478 507 
507 467 485 515 543 515 556 537 507 479 507 
507 467 484 514 543 515 557 538 508 479 507 
508 468 484 513 542 514 557 538 509 480 508 
508 468 483 512 541 514 557 539 510 481 508 
508 469 482 511 541 514 557 540 511 481 508 
508 469 481 511 540 514 558 541 511 482 508 
508 470 481 510 539 514 558 541 512 483 508 
509 470 480 509 538 513 558 542 513 484 509 
509 471 479 508 538 513 558 543 514 484 509 
509 472 479 507 537 513 559 543 515 485 509 
509 472 478 506 536 513 559 544 516 486 509 
509 473 478 505 535 513 559 544 517 487 509 
510 473 477 504 535 512 559 545 518 487 510 
510 474 476 504 534 512 559 546 518 488 510 
510 475 476 503 533 512 559 546 519 489 510 
510 475 475 502 532 512 560 547 520 490 510 
510 476 475 501 532 512 560 547 521 490 510 
511 477 474 500 531 511 560 548 522 491 511 
511 477 473 499 530 511 560 549 523 492 511 
511 478 473 498 529 511 560 549 524 493 511 
511 479 472 498 528 511 560 550 524 494 511 
511 480 472 497 528 511 560 550 525 494 511 
512 480 471 496 527 510 560 551 526 495 512 
512 481 462 495 526 510 560 551 527 496 512 
512 482 462 494 525 510 560 552 528 497 512 
512 483 463 494 524 510 560 552 528 498 512 
513 483 463 493 524 509 560 553 529 498 513 
513 484 463 492 523 509 560 553 530 499 513 
513 485 464 491 522 509 560 553 531 500 513 
513 486 464 490 521 509 560 554 532 501 513 
513 487 464 490 520 509 560 554 532 502 513 
514 488 465 489 519 508 559 555 533 503 514 
514 488 465 488 518 508 559 555 534 504 514 
514 489 466 487 518 508 559 555 535 504 514 
514 490 466 487 517 508 559 556 535 505 514 
515 491 466 486 516 507 559 556 536 506 515 
515 492 467 485 515 507 559 556 537 507 515 
515 493 467 484 514 507 558 557 538 508 515 
515 494 468 484 513 507 558 557 538 509 515 
515 495 468 483 512 507 558 557 539 510 515 
516 496 469 482 511 506 558 557 540 511 516 
516 497 469 481 511 506 557 558 541 511 516 
516 498 470 481 510 506 557 558 541 512 516 
516 499 470 480 509 506 557 558 542 513 516 
517 500 471 479 508 505 557 558 543 514 517 
517 501 472 479 507 505 556 559 543 515 517 
517 502 472 478 506 505 556 559 544 516 517 
517 503 473 478 505 505 556 559 544 517 517 
517 504 473 477 504 505 555 559 545 518 517 
518 505 474 476 504 504 555 559 546 518 518 
518 506 475 476 503 504 555 559 546 519 518 
518 507 475 475 502 504 554 560 547 520 518 
518 508 476 475 501 504 554 560 547 521 518 
519 509 477 474 500 503 553 560 548 522 519 
519 510 477 473 499 503 553 560 549 523 519 
519 511 478 473 498 503 553 560 549 524 519 
519 512 479 472 498 503 552 560 550 524 519 
519 513 480 472 497 503 552 560 550 525 519 
520 514 480 471 496 502 551 560 551 526 520 
520 515 481 462 495 502 551 560 551 527 520 
520 516 482 462 494 502 550 560 552 528 520 
520 518 483 463 494 502 550 560 552 528 520 
520 519 483 463 493 502 549 560 553 529 520 
521 520 484 463 492 501 549 560 553 530 521 
521 521 485 464 491 501 548 560 553 531 521 
521 522 486 464 490 501 547 560 554 532 521 
521 523 487 464 490 501 547 560 554 532 521 
521 524 488 465 489 501 546 559 555 533 521 
522 525 488 465 488 500 546 559 555 534 522 
522 526 489 466 487 500 545 559 555 535 522 
522 528 490 466 487 500 544 559 556 535 522 
522 529 491 466 486 500 544 559 556 536 522 
522 530 492 467 485 500 543 559 556 537 522 
523 531 493 467 484 499 543 558 557 538 523 
523 532 494 468 484 499 542 558 557 538 523 
523 533 495 468 483 499 541 558 557 539 523 
523 534 496 469 482 499 541 558 557 540 523 
523 535 497 469 481 499 540 557 558 541 523 
524 537 498 470 481 498 539 557 558 541 524 
524 538 499 470 480 498 538 557 558 542 524 
524 539 500 471 479 498 538 557 558 543 524 
524 540 501 472 479 498 537 556 559 543 524 
524 541 502 472 478 498 536 556 559 544 524 
524 542 503 473 478 498 535 556 559 544 524 
525 543 504 473 477 497 535 555 559 545 525 
525 544 505 474 476 497 534 555 559 546 525 
525 545 506 475 476 497 533 555 559 546 525 
525 547 507 475 475 497 532 554 560 547 525 
525 548 508 476 475 497 532 554 560 547 525 
525 549 509 477 474 497 531 553 560 548 525 
526 550 510 477 473 496 530 553 560 549 526 
526 551 511 478 473 496 529 553 560 549 526 
526 552 512 479 472 496 528 552 560 550 526 
526 553 513 480 472 496 528 552 560 550 526 
526 554 514 480 471 496 527 551 560 551 526 
526 555 515 481 462 496 526 551 560 551 526 
527 556 516 482 462 495 525 550 560 552 527 
527 557 518 483 463 495 524 550 560 552 527 
527 558 519 483 463 495 524 549 560 553 527 
527 559 520 484 463 495 523 549 560 553 527 
527 560 521 485 464 495 522 548 560 553 527 
527 561 522 486 464 495 521 547 560 554 527 
527 562 523 487 464 495 520 547 560 554 527 
527 563 524 488 465 495 519 546 559 555 527 
528 564 525 488 465 494 518 546 559 555 528 
528 565 526 489 466 494 518 545 559 555 528 
528 566 528 490 466 494 517 544 559 556 528 
528 567 529 491 466 494 516 544 559 556 528 
528 568 530 492 467 494 515 543 559 556 528 
528 569 531 493 467 494 514 543 558 557 528 
528 570 532 494 468 494 513 542 558 557 528 
528 571 533 495 468 494 512 541 558 557 528 
529 572 534 496 469 493 511 541 558 557 529 
529 573 535 497 469 493 511 540 557 558 529 
529 574 537 498 470 493 510 539 557 558 529 
529 575 538 499 470 493 509 538 557 558 529 
529 576 539 500 471 493 508 538 557 558 529 
529 577 540 501 472 493 507 537 556 559 529 
529 577 541 502 472 493 506 536 556 559 529 
529 578 542 503 473 493 505 535 556 559 529 
529 579 543 504 473 493 504 535 555 559 529 
529 580 544 505 474 493 504 534 555 559 529 
530 581 545 506 475 492 503 533 555 559 530 
530 582 547 507 475 492 502 532 554 560 530 
530 582 548 508 476 492 501 532 554 560 530 
530 583 549 509 477 492 500 531 553 560 530 
530 584 550 510 477 492 499 530 553 560 530 
530 585 551 511 478 492 498 529 553 560 530 
530 586 552 512 479 492 498 528 552 560 530 
530 586 553 513 480 492 497 528 552 560 530 
530 587 554 514 480 492 496 527 551 560 530 
530 588 555 515 481 492 495 526 551 560 530 
530 589 556 516 482 492 494 525 550 560 530 
530 589 557 518 483 492 494 524 550 560 530 
530 590 558 519 483 492 493 524 549 560 530 
530 591 559 520 484 492 492 523 549 560 530 
531 591 560 521 485 491 491 522 548 560 531 
531 592 561 522 486 491 490 521 547 560 531 
531 593 562 523 487 491 490 520 547 560 531 
531 593 563 524 488 491 489 519 546 559 531 
531 594 564 525 488 491 488 518 546 559 531 
531 595 565 526 489 491 487 518 545 559 531 
531 595 566 528 490 491 487 517 544 559 531 
531 596 567 529 491 491 486 516 544 559 531 
531 596 568 530 492 491 485 515 543 559 531 
531 597 569 531 493 491 484 514 543 558 531 
531 598 570 532 494 491 484 513 542 558 531 
531 598 571 533 495 491 483 512 541 558 531 
531 599 572 534 496 491 482 511 541 558 531 
531 599 573 535 497 491 481 511 540 557 531 
531 600 574 537 498 491 481 510 539 557 531 
531 600 575 538 499 491 480 509 538 557 531 
531 601 576 539 500 491 479 508 538 557 531 
531 601 577 540 501 491 479 507 537 556 531 
531 602 577 541 502 491 478 506 536 556 531 
531 602 578 542 503 491 478 505 535 556 531 
531 603 579 543 504 491 477 504 535 555 531 
531 603 580 544 505 491 476 504 534 555 531 
531 604 581 545 506 491 476 503 533 555 531 
531 604 582 547 507 491 475 502 532 554 531 
531 604 582 548 508 491 475 501 532 554 531 
531 605 583 549 509 491 474 500 531 553 531 
531 605 584 550 510 491 473 499 530 553 531 
531 606 585 551 511 491 473 498 529 553 531 
531 606 586 552 512 491 472 498 528 552 531 
531 606 586 553 513 491 472 497 528 552 531 
531 607 587 554 514 491 471 496 527 551 531 
531 607 588 555 515 491 462 495 526 551 531 
531 607 589 556 516 491 462 494 525 550 531 
531 608 589 557 518 491 463 494 524 550 531 
531 608 590 558 519 491 463 493 524 549 531 
531 608 591 559 520 491 463 492 523 549 531 
531 609 591 560 521 491 464 491 522 548 531 
531 609 592 561 522 491 464 490 521 547 531 
531 609 593 562 523 491 464 490 520 547 531 
531 609 593 563 524 491 465 489 519 546 531 
531 610 594 564 525 491 465 488 518 546 531 
531 610 595 565 526 491 466 487 518 545 531 
531 610 595 566 528 491 466 487 517 544 531 
531 610 596 567 529 491 466 486 516 544 531 
531 611 596 568 530 491 467 485 515 543 531 
531 611 597 569 531 491 467 484 514 543 531 
531 611 598 570 532 491 468 484 513 542 531 
531 611 598 571 533 491 468 483 512 541 531 
531 611 599 572 534 491 469 482 511 541 531 
531 612 599 573 535 491 469 481 511 540 531 
531 612 600 574 537 491 470 481 510 539 531 
531 612 600 575 538 491 470 480 509 538 531 
531 612 601 576 539 491 471 479 508 538 531 
531 612 601 577 540 491 472 479 507 537 531 
531 612 602 577 541 491 472 478 506 536 531 
531 612 602 578 542 491 473 478 505 535 531 
531 613 603 579 543 491 473 477 504 535 531 
531 613 603 580 544 491 474 476 504 534 531 
531 613 604 581 545 491 475 476 503 533 531 
531 613 604 582 547 491 475 475 502 532 531 
531 613 604 582 548 491 476 475 501 532 531 
531 613 605 583 549 491 477 474 500 531 531 
531 613 605 584 550 491 477 473 499 530 531 
531 613 606 585 551 491 478 473 498 529 531 
531 613 606 586 552 491 479 472 498 528 531 
531 613 606 586 553 491 480 472 497 528 531 
531 613 607 587 554 491 480 471 496 527 531 
531 613 607 588 555 491 481 462 495 526 531 
531 613 607 589 556 491 482 462 494 525 531 
531 613 608 589 557 491 483 463 494 524 531 
531 613 608 590 558 491 483 463 493 524 531 
531 613 608 591 559 491 484 463 492 523 531 
531 613 609 591 560 491 485 464 491 522 531 
531 613 609 592 561 491 486 464 490 521 531 
531 613 609 593 562 491 487 464 490 520 531 
531 613 609 593 563 491 488 465 489 519 531 
531 613 610 594 564 491 488 465 488 518 531 
531 613 610 595 565 491 489 466 487 518 531 
531 613 610 595 566 491 490 466 487 517 531 
531 613 610 596 567 491 491 466 486 516 531 
531 613 611 596 568 491 492 467 485 515 531 
531 613 611 597 569 491 493 467 484 514 531 
531 613 611 598 570 491 494 468 484 513 531 
531 613 611 598 571 491 495 468 483 512 531 
531 613 611 599 572 491 496 469 482 511 531 
531 613 612 599 573 491 497 469 481 511 531 
531 613 612 600 574 491 498 470 481 510 531 
531 613 612 600 575 491 499 470 480 509 531 
531 613 612 601 576 491 500 471 479 508 531 
531 613 612 601 577 491 501 472 479 507 531 
531 613 612 602 577 491 502 472 478 506 531 
531 613 612 602 578 491 503 473 478 505 531 
531 613 613 603 579 491 504 473 477 504 531 
531 613 613 603 580 491 505 474 476 504 531 
531 613 613 604 581 491 506 475 476 503 531 
531 612 613 604 582 491 507 475 475 502 531 
531 612 613 604 582 491 508 476 475 501 531 
531 612 613 605 583 491 509 477 474 500 531 
531 612 613 605 584 491 510 477 473 499 531 
531 612 613 606 585 491 511 478 473 498 531 
532 612 613 606 586 490 512 479 472 498 532 
532 612 613 606 586 490 513 480 472 497 532 
532 612 613 607 587 490 514 480 471 496 532 
532 612 613 607 588 490 515 481 462 495 532 
532 612 613 607 589 490 516 482 462 494 532 
532 612 613 608 589 490 518 483 463 494 532 
532 612 613 608 590 490 519 483 463 493 532 
532 612 613 608 591 490 520 484 463 492 532 
532 612 613 609 591 490 521 485 464 491 532 
532 612 613 609 592 490 522 486 464 490 532 
532 612 613 609 593 490 523 487 464 490 532 
532 612 613 609 593 490 524 488 465 489 532 
532 612 613 610 594 490 525 488 465 488 532 
532 611 613 610 595 490 526 489 466 487 532 
533 611 613 610 595 489 528 490 466 487 533 
533 611 613 610 596 489 529 491 466 486 533 
533 611 613 611 596 489 530 492 467 485 533 
533 611 613 611 597 489 531 493 467 484 533 
533 611 613 611 598 489 532 494 468 484 533 
533 611 613 611 598 489 533 495 468 483 533 
533 612 613 611 599 489 534 496 469 482 533 
534 612 613 612 599 488 535 497 469 481 534 
534 612 613 612 600 488 537 498 470 481 534 
534 612 613 612 600 488 538 499 470 480 534 
534 612 613 612 601 488 539 500 471 479 534 
534 612 613 612 601 488 540 501 472 479 534 
534 612 613 612 602 488 541 502 472 478 534 
535 612 613 612 602 487 542 503 473 478 535 
535 612 613 613 603 487 543 504 473 477 535 
535 612 613 613 603 487 544 505 474 476 535 
535 612 613 613 604 487 545 506 475 476 535 
535 613 612 613 604 487 547 507 475 475 535 
536 613 612 613 604 486 548 508 476 475 536 
536 613 612 613 605 486 549 509 477 474 536 
536 613 612 613 605 486 550 510 477 473 536 
536 613 612 613 606 486 551 511 478 473 536 
537 614 612 613 606 485 552 512 479 472 537 
537 614 612 613 606 485 553 513 480 472 537 
537 614 612 613 607 485 554 514 480 471 537 
538 614 612 613 607 484 555 515 481 462 538 
538 615 612 613 607 484 556 516 482 462 538 
538 615 612 613 608 484 557 518 483 463 538 
539 615 612 613 608 483 558 519 483 463 539 
539 616 612 613 608 483 559 520 484 463 539 
539 616 612 613 609 483 560 521 485 464 539 
540 616 612 613 609 482 561 522 486 464 540 
540 617 612 613 609 482 562 523 487 464 540 
540 617 612 613 609 482 563 524 488 465 540 
541 618 612 613 610 481 564 525 488 465 541 
541 618 611 613 610 481 565 526 489 466 541 
542 619 611 613 610 480 566 528 490 466 542 
542 619 611 613 610 480 567 529 491 466 542 
543 620 611 613 611 479 568 530 492 467 543 
543 621 611 613 611 479 569 531 493 467 543 
544 621 611 613 611 478 570 532 494 468 544 
544 622 611 613 611 478 571 533 495 468 544 
545 623 612 613 611 477 572 534 496 469 545 
546 624 612 613 612 476 573 535 497 469 546 
546 624 612 613 612 476 574 537 498 470 546 
547 625 612 613 612 475 575 538 499 470 547 
548 626 612 613 612 474 576 539 500 471 548 
548 627 612 613 612 474 577 540 501 472 548 
549 628 612 613 612 473 577 541 502 472 549 
550 629 612 613 612 472 578 542 503 473 550 
551 630 612 613 613 471 579 543 504 473 551 
552 631 612 613 613 470 580 544 505 474 552 
552 632 612 613 613 470 581 545 506 475 552 
553 633 613 612 613 469 582 547 507 475 553 
554 634 613 612 613 468 582 548 508 476 554 
556 635 613 612 613 466 583 549 509 477 556 
557 637 613 612 613 465 584 550 510 477 557 
558 638 613 612 613 464 585 551 511 478 558 
560 639 614 612 613 462 586 552 512 479 560 
561 641 614 612 613 461 586 553 513 480 561 
564 642 614 612 613 458 587 554 514 480 564 
501 644 614 612 613 521 588 555 515 481 501 
501 645 615 612 613 521 589 556 516 482 501 
501 647 615 612 613 521 589 557 518 483 501 
501 649 615 612 613 521 590 558 519 483 501 
501 651 616 612 613 521 591 559 520 484 501 
501 652 616 612 613 521 591 560 521 485 501 
501 654 616 612 613 521 592 561 522 486 501 
501 656 617 612 613 521 593 562 523 487 501 
501 658 617 612 613 521 593 563 524 488 501 
501 660 618 612 613 521 594 564 525 488 501 
501 663 618 611 613 521 595 565 526 489 501 
501 665 619 611 613 521 595 566 528 490 501 
501 667 619 611 613 521 596 567 529 491 501 
501 670 620 611 613 521 596 568 530 492 501 
502 672 621 611 613 520 597 569 531 493 502 
502 675 621 611 613 520 598 570 532 494 502 
502 678 622 611 613 520 598 571 533 495 502 
502 681 623 612 613 520 599 572 534 496 502 
502 684 624 612 613 520 599 573 535 497 502 
502 687 624 612 613 520 600 574 537 498 502 
502 690 625 612 613 520 600 575 538 499 502 
502 694 626 612 613 520 601 576 539 500 502 
502 697 627 612 613 520 601 577 540 501 502 
502 701 628 612 613 520 602 577 541 502 502 
502 705 629 612 613 520 602 578 542 503 502 
502 709 630 612 613 520 603 579 543 504 502 
502 714 631 612 613 520 603 580 544 505 502 
502 718 632 612 613 520 604 581 545 506 502 
502 723 633 613 612 520 604 582 547 507 502 
502 728 634 613 612 520 604 582 548 508 502 
503 734 635 613 612 519 605 583 549 509 503 
503 740 637 613 612 519 605 584 550 510 503 
503 747 638 613 612 519 606 585 551 511 503 
503 754 639 614 612 519 606 586 552 512 503 
503 763 641 614 612 519 606 586 553 513 503 
503 774 642 614 612 519 607 587 554 514 503 
503 462 644 614 612 519 607 588 555 515 503 
503 462 645 615 612 519 607 589 556 516 503 
503 462 647 615 612 519 608 589 557 518 503 
503 462 649 615 612 519 608 590 558 519 503 
503 462 651 616 612 519 608 591 559 520 503 
504 462 652 616 612 518 609 591 560 521 504 
504 462 654 616 612 518 609 592 561 522 504 
504 462 656 617 612 518 609 593 562 523 504 
504 463 658 617 612 518 609 593 563 524 504 
504 463 660 618 612 518 610 594 564 525 504 
504 463 663 618 611 518 610 595 565 526 504 
504 463 665 619 611 518 610 595 566 528 504 
504 463 667 619 611 518 610 596 567 529 504 
505 463 670 620 611 517 611 596 568 530 505 
505 464 672 621 611 517 611 597 569 531 505 
505 464 675 621 611 517 611 598 570 532 505 
505 464 678 622 611 517 611 598 571 533 505 
505 464 681 623 612 517 611 599 572 534 505 
505 465 684 624 612 517 612 599 573 535 505 
505 465 687 624 612 517 612 600 574 537 505 
506 465 690 625 612 516 612 600 575 538 506 
506 465 694 626 612 516 612 601 576 539 506 
506 466 697 627 612 516 612 601 577 540 506 
506 466 701 628 612 516 612 602 577 541 506 
506 466 705 629 612 516 612 602 578 542 506 
506 467 709 630 612 516 613 603 579 543 506 
506 467 714 631 612 516 613 603 580 544 506 
507 467 718 632 612 515 613 604 581 545 507 
507 468 723 633 613 515 613 604 582 547 507 
507 468 728 634 613 515 613 604 582 548 507 
507 469 734 635 613 515 613 605 583 549 507 
507 469 740 637 613 515 613 605 584 550 507 
507 469 747 638 613 515 613 606 585 551 507 
508 470 754 639 614 514 613 606 586 552 508 
508 470 763 641 614 514 613 606 586 553 508 
508 471 774 642 614 514 613 607 587 554 508 
508 471 462 644 614 514 613 607 588 555 508 
508 472 462 645 615 514 613 607 589 556 508 
508 472 462 647 615 514 613 608 589 557 508 
508 473 462 649 615 514 613 608 590 558 508 
509 473 462 651 616 513 613 608 591 559 509 
509 474 462 652 616 513 613 609 591 560 509 
509 475 462 654 616 513 613 609 592 561 509 
509 475 462 656 617 513 613 609 593 562 509 
509 476 463 658 617 513 613 609 593 563 509 
510 476 463 660 618 512 613 610 594 564 510 
510 477 463 663 618 512 613 610 595 565 510 
510 478 463 665 619 512 613 610 595 566 510 
510 478 463 667 619 512 613 610 596 567 510 
510 479 463 670 620 512 613 611 596 568 510 
510 479 464 672 621 512 613 611 597 569 510 
511 480 464 675 621 511 613 611 598 570 511 
511 481 464 678 622 511 613 611 598 571 511 
511 481 464 681 623 511 613 611 599 572 511 
511 482 465 684 624 511 613 612 599 573 511 
511 483 465 687 624 511 613 612 600 574 511 
511 484 465 690 625 511 613 612 600 575 511 
512 484 465 694 626 510 613 612 601 576 512 
512 485 466 697 627 510 613 612 601 577 512 
512 486 466 701 628 510 613 612 602 577 512 
512 487 466 705 629 510 613 612 602 578 512 
512 487 467 709 630 510 613 613 603 579 512 
512 488 467 714 631 510 613 613 603 580 512 
513 489 467 718 632 509 613 613 604 581 513 
513 490 468 723 633 509 612 613 604 582 513 
513 490 468 728 634 509 612 613 604 582 513 
513 491 469 734 635 509 612 613 605 583 513 
513 492 469 740 637 509 612 613 605 584 513 
514 493 469 747 638 508 612 613 606 585 514 
514 494 470 754 639 508 612 613 606 586 514 
514 494 470 763 641 508 612 613 606 586 514 
514 495 471 774 642 508 612 613 607 587 514 
514 496 471 462 644 508 612 613 607 588 514 
514 497 472 462 645 508 612 613 607 589 514 
514 498 472 462 647 508 612 613 608 589 514 
515 498 473 462 649 507 612 613 608 590 515 
515 499 473 462 651 507 612 613 608 591 515 
515 500 474 462 652 507 612 613 609 591 515 
515 501 475 462 654 507 612 613 609 592 515 
515 502 475 462 656 507 612 613 609 593 515 
515 503 476 463 658 507 612 613 609 593 515 
516 504 476 463 660 506 612 613 610 594 516 
516 504 477 463 663 506 611 613 610 595 516 
516 505 478 463 665 506 611 613 610 595 516 
516 506 478 463 667 506 611 613 610 596 516 
516 507 479 463 670 506 611 613 611 596 516 
516 508 479 464 672 506 611 613 611 597 516 
516 509 480 464 675 506 611 613 611 598 516 
517 510 481 464 678 505 611 613 611 598 517 
517 511 481 464 681 505 612 613 611 599 517 
517 511 482 465 684 505 612 613 612 599 517 
517 512 483 465 687 505 612 613 612 600 517 
517 513 484 465 690 505 612 613 612 600 517 
517 514 484 465 694 505 612 613 612 601 517 
517 515 485 466 697 505 612 613 612 601 517 
518 516 486 466 701 504 612 613 612 602 518 
518 517 487 466 705 504 612 613 612 602 518 
518 518 487 467 709 504 612 613 613 603 518 
518 518 488 467 714 504 612 613 613 603 518 
518 519 489 467 718 504 612 613 613 604 518 
518 520 490 468 723 504 613 612 613 604 518 
518 521 490 468 728 504 613 612 613 604 518 
518 522 491 469 734 504 613 612 613 605 518 
519 523 492 469 740 503 613 612 613 605 519 
519 524 493 469 747 503 613 612 613 606 519 
519 524 494 470 754 503 614 612 613 606 519 
519 525 494 470 763 503 614 612 613 606 519 
519 526 495 471 774 503 614 612 613 607 519 
519 527 496 471 462 503 614 612 613 607 519 
519 528 497 472 462 503 615 612 613 607 519 
519 528 498 472 462 503 615 612 613 608 519 
519 529 498 473 462 503 615 612 613 608 519 
519 530 499 473 462 503 616 612 613 608 519 
519 531 500 474 462 503 616 612 613 609 519 
520 532 501 475 462 502 616 612 613 609 520 
520 532 502 475 462 502 617 612 613 609 520 
520 533 503 476 463 502 617 612 613 609 520 
520 534 504 476 463 502 618 612 613 610 520 
520 535 504 477 463 502 618 611 613 610 520 
520 535 505 478 463 502 619 611 613 610 520 
520 536 506 478 463 502 619 611 613 610 520 
520 537 507 479 463 502 620 611 613 611 520 
520 538 508 479 464 502 621 611 613 611 520 
520 538 509 480 464 502 621 611 613 611 520 
520 539 510 481 464 502 622 611 613 611 520 
520 540 511 481 464 502 623 612 613 611 520 
520 541 511 482 465 502 624 612 613 612 520 
520 541 512 483 465 502 624 612 613 612 520 
520 542 513 484 465 502 625 612 613 612 520 
520 543 514 484 465 502 626 612 613 612 520 
521 543 515 485 466 501 627 612 613 612 521 
521 544 516 486 466 501 628 612 613 612 521 
521 544 517 487 466 501 629 612 613 612 521 
521 545 518 487 467 501 630 612 613 613 521 
521 546 518 488 467 501 631 612 613 613 521 
521 546 519 489 467 501 632 612 613 613 521 
521 547 520 490 468 501 633 613 612 613 521 
521 547 521 490 468 501 634 613 612 613 521 
521 548 522 491 469 501 635 613 612 613 521 
521 549 523 492 469 501 637 613 612 613 521 
521 549 524 493 469 501 638 613 612 613 521 
521 550 524 494 470 501 639 614 612 613 521 
521 550 525 494 470 501 641 614 612 613 521 
521 551 526 495 471 501 642 614 612 613 521 
521 551 527 496 471 501 644 614 612 613 521 
521 552 528 497 472 501 645 615 612 613 521 
521 552 528 498 472 501 647 615 612 613 521 
521 553 529 498 473 501 649 615 612 613 521 
521 553 530 499 473 501 651 616 612 613 521 
521 553 531 500 474 501 652 616 612 613 521 
521 554 532 501 475 501 654 616 612 613 521 
521 554 532 502 475 501 656 617 612 613 521 
521 555 533 503 476 501 658 617 612 613 521 
521 555 534 504 476 501 660 618 612 613 521 
521 555 535 504 477 501 663 618 611 613 521 
521 556 535 505 478 501 665 619 611 613 521 
521 556 536 506 478 501 667 619 611 613 521 
521 556 537 507 479 501 670 620 611 613 521 
520 557 538 508 479 502 672 621 611 613 520 
520 557 538 509 480 502 675 621 611 613 520 
520 557 539 510 481 502 678 622 611 613 520 
520 557 540 511 481 502 681 623 612 613 520 
520 558 541 511 482 502 684 624 612 613 520 
520 558 541 512 483 502 687 624 612 613 520 
520 558 542 513 484 502 690 625 612 613 520 
520 558 543 514 484 502 694 626 612 613 520 
520 559 543 515 485 502 697 627 612 613 520 
520 559 544 516 486 502 701 628 612 613 520 
520 559 544 517 487 502 705 629 612 613 520 
520 559 545 518 487 502 709 630 612 613 520 
520 559 546 518 488 502 714 631 612 613 520 
520 559 546 519 489 502 718 632 612 613 520 
520 560 547 520 490 502 723 633 613 612 520 
520 560 547 521 490 502 728 634 613 612 520 
519 560 548 522 491 503 734 635 613 612 519 
519 560 549 523 492 503 740 637 613 612 519 
519 560 549 524 493 503 747 638 613 612 519 
519 560 550 524 494 503 754 639 614 612 519 
519 560 550 525 494 503 763 641 614 612 519 
519 560 551 526 495 503 774 642 614 612 519 
519 560 551 527 496 503 462 644 614 612 519 
519 560 552 528 497 503 462 645 615 612 519 
519 560 552 528 498 503 462 647 615 612 519 
519 560 553 529 498 503 462 649 615 612 519 
519 560 553 530 499 503 462 651 616 612 519 
518 560 553 531 500 504 462 652 616 612 518 
518 560 554 532 501 504 462 654 616 612 518 
518 560 554 532 502 504 462 656 617 612 518 
518 559 555 533 503 504 463 658 617 612 518 
518 559 555 534 504 504 463 660 618 612 518 
518 559 555 535 504 504 463 663 618 611 518 
518 559 556 535 505 504 463 665 619 611 518 
518 559 556 536 506 504 463 667 619 611 518 
517 559 556 537 507 505 463 670 620 611 517 
517 558 557 538 508 505 464 672 621 611 517 
517 558 557 538 509 505 464 675 621 611 517 
517 558 557 539 510 505 464 678 622 611 517 
517 558 557 540 511 505 464 681 623 612 517 
517 557 558 541 511 505 465 684 624 612 517 
517 557 558 541 512 505 465 687 624 612 517 
516 557 558 542 513 506 465 690 625 612 516 
516 557 558 543 514 506 465 694 626 612 516 
516 556 559 543 515 506 466 697 627 612 516 
516 556 559 544 516 506 466 701 628 612 516 
516 556 559 544 517 506 466 705 629 612 516 
516 555 559 545 518 506 467 709 630 612 516 
516 555 559 546 518 506 467 714 631 612 516 
515 555 559 546 519 507 467 718 632 612 515 
515 554 560 547 520 507 468 723 633 613 515 
515 554 560 547 521 507 468 728 634 613 515 
515 553 560 548 522 507 469 734 635 613 515 
515 553 560 549 523 507 469 740 637 613 515 
515 553 560 549 524 507 469 747 638 613 515 
514 552 560 550 524 508 470 754 639 614 514 
514 552 560 550 525 508 470 763 641 614 514 
514 551 560 551 526 508 471 774 642 614 514 
514 551 560 551 527 508 471 462 644 614 514 
514 550 560 552 528 508 472 462 645 615 514 
514 550 560 552 528 508 472 462 647 615 514 
514 549 560 553 529 508 473 462 649 615 514 
513 549 560 553 530 509 473 462 651 616 513 
513 548 560 553 531 509 474 462 652 616 513 
513 547 560 554 532 509 475 462 654 616 513 
513 547 560 554 532 509 475 462 656 617 513 
513 546 559 555 533 509 476 463 658 617 513 
512 546 559 555 534 510 476 463 660 618 512 
512 545 559 555 535 510 477 463 663 618 512 
512 544 559 556 535 510 478 463 665 619 512 
512 544 559 556 536 510 478 463 667 619 512 
512 543 559 556 537 510 479 463 670 620 512 
512 543 558 557 538 510 479 464 672 621 512 
511 542 558 557 538 511 480 464 675 621 511 
511 541 558 557 539 511 481 464 678 622 511 
511 541 558 557 540 511 481 464 681 623 511 
511 540 557 558 541 511 482 465 684 624 511 
511 539 557 558 541 511 483 465 687 624 511 
511 538 557 558 542 511 484 465 690 625 511 
510 538 557 558 543 512 484 465 694 626 510 
510 537 556 559 543 512 485 466 697 627 510 
510 536 556 559 544 512 486 466 701 628 510 
510 535 556 559 544 512 487 466 705 629 510 
510 535 555 559 545 512 487 467 709 630 510 
510 534 555 559 546 512 488 467 714 631 510 
509 533 555 559 546 513 489 467 718 632 509 
509 532 554 560 547 513 490 468 723 633 509 
509 532 554 560 547 513 490 468 728 634 509 
509 531 553 560 548 513 491 469 734 635 509 
509 530 553 560 549 513 492 469 740 637 509 
508 529 553 560 549 514 493 469 747 638 508 
508 528 552 560 550 514 494 470 754 639 508 
508 528 552 560 550 514 494 470 763 641 508 
508 527 551 560 551 514 495 471 774 642 508 
508 526 551 560 551 514 496 471 462 644 508 
508 525 550 560 552 514 497 472 462 645 508 
508 524 550 560 552 514 498 472 462 647 508 
507 524 549 560 553 515 498 473 462 649 507 
507 523 549 560 553 515 499 473 462 651 507 
507 522 548 560 553 515 500 474 462 652 507 
507 521 547 560 554 515 501 475 462 654 507 
507 520 547 560 554 515 502 475 462 656 507 
507 519 546 559 555 515 503 476 463 658 507 
506 518 546 559 555 516 504 476 463 660 506 
506 518 545 559 555 516 504 477 463 663 506 
506 517 544 559 556 516 505 478 463 665 506 
506 516 544 559 556 516 506 478 463 667 506 
506 515 543 559 556 516 507 479 463 670 506 
506 514 543 558 557 516 508 479 464 672 506 
506 513 542 558 557 516 509 480 464 675 506 
505 512 541 558 557 517 510 481 464 678 505 
505 511 541 558 557 517 511 481 464 681 505 
505 511 540 557 558 517 511 482 465 684 505 
505 510 539 557 558 517 512 483 465 687 505 
505 509 538 557 558 517 513 484 465 690 505 
505 508 538 557 558 517 514 484 465 694 505 
505 507 537 556 559 517 515 485 466 697 505 
504 506 536 556 559 518 516 486 466 701 504 
504 505 535 556 559 518 517 487 466 705 504 
504 504 535 555 559 518 518 487 467 709 504 
504 504 534 555 559 518 518 488 467 714 504 
504 503 533 555 559 518 519 489 467 718 504 
504 502 532 554 560 518 520 490 468 723 504 
504 501 532 554 560 518 521 490 468 728 504 
504 500 531 553 560 518 522 491 469 734 504 
503 499 530 553 560 519 523 492 469 740 503 
503 498 529 553 560 519 524 493 469 747 503 
503 498 528 552 560 519 524 494 470 754 503 
503 497 528 552 560 519 525 494 470 763 503 
503 496 527 551 560 519 526 495 471 774 503 
