501 495 526 551 560 521 527 496 471 462 501 
501 494 525 550 560 521 528 497 472 462 501 
501 494 524 550 560 521 528 498 472 462 501 
501 493 524 549 560 521 529 498 473 462 501 
501 492 523 549 560 521 530 499 473 462 501 
501 491 522 548 560 521 531 500 474 462 501 
501 490 521 547 560 521 532 501 475 462 501 
501 490 520 547 560 521 532 502 475 462 501 
501 489 519 546 559 521 533 503 476 463 501 
501 488 518 546 559 521 534 504 476 463 501 
501 487 518 545 559 521 535 504 477 463 501 
501 487 517 544 559 521 535 505 478 463 501 
501 486 516 544 559 521 536 506 478 463 501 
501 485 515 543 559 521 537 507 479 463 501 
502 484 514 543 558 520 538 508 479 464 502 
502 484 513 542 558 520 538 509 480 464 502 
502 483 512 541 558 520 539 510 481 464 502 
502 482 511 541 558 520 540 511 481 464 502 
502 481 511 540 557 520 541 511 482 465 502 
502 481 510 539 557 520 541 512 483 465 502 
502 480 509 538 557 520 542 513 484 465 502 
502 479 508 538 557 520 543 514 484 465 502 
502 479 507 537 556 520 543 515 485 466 502 
502 478 506 536 556 520 544 516 486 466 502 
502 478 505 535 556 520 544 517 487 466 502 
502 477 504 535 555 520 545 518 487 467 502 
502 476 504 534 555 520 546 518 488 467 502 
502 476 503 533 555 520 546 519 489 467 502 
502 475 502 532 554 520 547 520 490 468 502 
502 475 501 532 554 520 547 521 490 468 502 
503 474 500 531 553 519 548 522 491 469 503 
503 473 499 530 553 519 549 523 492 469 503 
503 473 498 529 553 519 549 524 493 469 503 
503 472 498 528 552 519 550 524 494 470 503 
503 472 497 528 552 519 550 525 494 470 503 
503 471 496 527 551 519 551 526 495 471 503 
503 462 495 526 551 519 551 527 496 471 503 
503 462 494 525 550 519 552 528 497 472 503 
503 462 494 524 550 519 552 528 498 472 503 
503 462 493 524 549 519 553 529 498 473 503 
503 462 492 523 549 519 553 530 499 473 503 
504 462 491 522 548 518 553 531 500 474 504 
504 462 490 521 547 518 554 532 501 475 504 
504 462 490 520 547 518 554 532 502 475 504 
504 463 489 519 546 518 555 533 503 476 504 
504 463 488 518 546 518 555 534 504 476 504 
504 463 487 518 545 518 555 535 504 477 504 
504 463 487 517 544 518 556 535 505 478 504 
504 463 486 516 544 518 556 536 506 478 504 
505 463 485 515 543 517 556 537 507 479 505 
505 464 484 514 543 517 557 538 508 479 505 
505 464 484 513 542 517 557 538 509 480 505 
505 464 483 512 541 517 557 539 510 481 505 
505 464 482 511 541 517 557 540 511 481 505 
505 465 481 511 540 517 558 541 511 482 505 
505 465 481 510 539 517 558 541 512 483 505 
506 465 480 509 538 516 558 542 513 484 506 
506 465 479 508 538 516 558 543 514 484 506 
506 466 479 507 537 516 559 543 515 485 506 
506 466 478 506 536 516 559 544 516 486 506 
506 466 478 505 535 516 559 544 517 487 506 
506 467 477 504 535 516 559 545 518 487 506 
506 467 476 504 534 516 559 546 518 488 506 
507 467 476 503 533 515 559 546 519 489 507 
507 468 475 502 532 515 560 547 520 490 507 
507 468 475 501 532 515 560 547 521 490 507 
507 469 474 500 531 515 560 548 522 491 507 
507 469 473 499 530 515 560 549 523 492 507 
507 469 473 498 529 515 560 549 524 493 507 
508 470 472 498 528 514 560 550 524 494 508 
508 470 472 497 528 514 560 550 525 494 508 
508 471 471 496 527 514 560 551 526 495 508 
508 471 462 495 526 514 560 551 527 496 508 
508 472 462 494 525 514 560 552 528 497 508 
508 472 462 494 524 514 560 552 528 498 508 
508 473 462 493 524 514 560 553 529 498 508 
509 473 462 492 523 513 560 553 530 499 509 
509 474 462 491 522 513 560 553 531 500 509 
509 475 462 490 521 513 560 554 532 501 509 
509 475 462 490 520 513 560 554 532 502 509 
509 476 463 489 519 513 559 555 533 503 509 
510 476 463 488 518 512 559 555 534 504 510 
510 477 463 487 518 512 559 555 535 504 510 
510 478 463 487 517 512 559 556 535 505 510 
510 478 463 486 516 512 559 556 536 506 510 
510 479 463 485 515 512 559 556 537 507 510 
510 479 464 484 514 512 558 557 538 508 510 
511 480 464 484 513 511 558 557 538 509 511 
511 481 464 483 512 511 558 557 539 510 511 
511 481 464 482 511 511 558 557 540 511 511 
511 482 465 481 511 511 557 558 541 511 511 
511 483 465 481 510 511 557 558 541 512 511 
511 484 465 480 509 511 557 558 542 513 511 
512 484 465 479 508 510 557 558 543 514 512 
512 485 466 479 507 510 556 559 543 515 512 
512 486 466 478 506 510 556 559 544 516 512 
512 487 466 478 505 510 556 559 544 517 512 
512 487 467 477 504 510 555 559 545 518 512 
512 488 467 476 504 510 555 559 546 518 512 
513 489 467 476 503 509 555 559 546 519 513 
513 490 468 475 502 509 554 560 547 520 513 
513 490 468 475 501 509 554 560 547 521 513 
513 491 469 474 500 509 553 560 548 522 513 
513 492 469 473 499 509 553 560 549 523 513 
514 493 469 473 498 508 553 560 549 524 514 
514 494 470 472 498 508 552 560 550 524 514 
514 494 470 472 497 508 552 560 550 525 514 
514 495 471 471 496 508 551 560 551 526 514 
514 496 471 462 495 508 551 560 551 527 514 
514 497 472 462 494 508 550 560 552 528 514 
514 498 472 462 494 508 550 560 552 528 514 
515 498 473 462 493 507 549 560 553 529 515 
515 499 473 462 492 507 549 560 553 530 515 
515 500 474 462 491 507 548 560 553 531 515 
515 501 475 462 490 507 547 560 554 532 515 
515 502 475 462 490 507 547 560 554 532 515 
515 503 476 463 489 507 546 559 555 533 515 
516 504 476 463 488 506 546 559 555 534 516 
516 504 477 463 487 506 545 559 555 535 516 
516 505 478 463 487 506 544 559 556 535 516 
516 506 478 463 486 506 544 559 556 536 516 
516 507 479 463 485 506 543 559 556 537 516 
516 508 479 464 484 506 543 558 557 538 516 
516 509 480 464 484 506 542 558 557 538 516 
517 510 481 464 483 505 541 558 557 539 517 
517 511 481 464 482 505 541 558 557 540 517 
517 511 482 465 481 505 540 557 558 541 517 
517 512 483 465 481 505 539 557 558 541 517 
517 513 484 465 480 505 538 557 558 542 517 
517 514 484 465 479 505 538 557 558 543 517 
517 515 485 466 479 505 537 556 559 543 517 
518 516 486 466 478 504 536 556 559 544 518 
518 517 487 466 478 504 535 556 559 544 518 
518 518 487 467 477 504 535 555 559 545 518 
518 518 488 467 476 504 534 555 559 546 518 
518 519 489 467 476 504 533 555 559 546 518 
518 520 490 468 475 504 532 554 560 547 518 
518 521 490 468 475 504 532 554 560 547 518 
518 522 491 469 474 504 531 553 560 548 518 
519 523 492 469 473 503 530 553 560 549 519 
519 524 493 469 473 503 529 553 560 549 519 
519 524 494 470 472 503 528 552 560 550 519 
519 525 494 470 472 503 528 552 560 550 519 
519 526 495 471 471 503 527 551 560 551 519 
519 527 496 471 462 503 526 551 560 551 519 
519 528 497 472 462 503 525 550 560 552 519 
519 528 498 472 462 503 524 550 560 552 519 
519 529 498 473 462 503 524 549 560 553 519 
519 530 499 473 462 503 523 549 560 553 519 
519 531 500 474 462 503 522 548 560 553 519 
520 532 501 475 462 502 521 547 560 554 520 
520 532 502 475 462 502 520 547 560 554 520 
520 533 503 476 463 502 519 546 559 555 520 
520 534 504 476 463 502 518 546 559 555 520 
520 535 504 477 463 502 518 545 559 555 520 
520 535 505 478 463 502 517 544 559 556 520 
520 536 506 478 463 502 516 544 559 556 520 
520 537 507 479 463 502 515 543 559 556 520 
520 538 508 479 464 502 514 543 558 557 520 
520 538 509 480 464 502 513 542 558 557 520 
520 539 510 481 464 502 512 541 558 557 520 
520 540 511 481 464 502 511 541 558 557 520 
520 541 511 482 465 502 511 540 557 558 520 
520 541 512 483 465 502 510 539 557 558 520 
520 542 513 484 465 502 509 538 557 558 520 
520 543 514 484 465 502 508 538 557 558 520 
521 543 515 485 466 501 507 537 556 559 521 
521 544 516 486 466 501 506 536 556 559 521 
521 544 517 487 466 501 505 535 556 559 521 
521 545 518 487 467 501 504 535 555 559 521 
521 546 518 488 467 501 504 534 555 559 521 
521 546 519 489 467 501 503 533 555 559 521 
521 547 520 490 468 501 502 532 554 560 521 
521 547 521 490 468 501 501 532 554 560 521 
521 548 522 491 469 501 500 531 553 560 521 
521 549 523 492 469 501 499 530 553 560 521 
521 549 524 493 469 501 498 529 553 560 521 
521 550 524 494 470 501 498 528 552 560 521 
521 550 525 494 470 501 497 528 552 560 521 
521 551 526 495 471 501 496 527 551 560 521 
521 551 527 496 471 501 495 526 551 560 521 
521 552 528 497 472 501 494 525 550 560 521 
521 552 528 498 472 501 494 524 550 560 521 
521 553 529 498 473 501 493 524 549 560 521 
521 553 530 499 473 501 492 523 549 560 521 
521 553 531 500 474 501 491 522 548 560 521 
521 554 532 501 475 501 490 521 547 560 521 
521 554 532 502 475 501 490 520 547 560 521 
521 555 533 503 476 501 489 519 546 559 521 
521 555 534 504 476 501 488 518 546 559 521 
521 555 535 504 477 501 487 518 545 559 521 
521 556 535 505 478 501 487 517 544 559 521 
521 556 536 506 478 501 486 516 544 559 521 
521 556 537 507 479 501 485 515 543 559 521 
520 557 538 508 479 502 484 514 543 558 520 
520 557 538 509 480 502 484 513 542 558 520 
520 557 539 510 481 502 483 512 541 558 520 
520 557 540 511 481 502 482 511 541 558 520 
520 558 541 511 482 502 481 511 540 557 520 
520 558 541 512 483 502 481 510 539 557 520 
520 558 542 513 484 502 480 509 538 557 520 
520 558 543 514 484 502 479 508 538 557 520 
520 559 543 515 485 502 479 507 537 556 520 
520 559 544 516 486 502 478 506 536 556 520 
520 559 544 517 487 502 478 505 535 556 520 
520 559 545 518 487 502 477 504 535 555 520 
520 559 546 518 488 502 476 504 534 555 520 
520 559 546 519 489 502 476 503 533 555 520 
520 560 547 520 490 502 475 502 532 554 520 
520 560 547 521 490 502 475 501 532 554 520 
519 560 548 522 491 503 474 500 531 553 519 
519 560 549 523 492 503 473 499 530 553 519 
519 560 549 524 493 503 473 498 529 553 519 
519 560 550 524 494 503 472 498 528 552 519 
519 560 550 525 494 503 472 497 528 552 519 
519 560 551 526 495 503 471 496 527 551 519 
519 560 551 527 496 503 462 495 526 551 519 
519 560 552 528 497 503 462 494 525 550 519 
519 560 552 528 498 503 462 494 524 550 519 
519 560 553 529 498 503 462 493 524 549 519 
519 560 553 530 499 503 462 492 523 549 519 
518 560 553 531 500 504 462 491 522 548 518 
518 560 554 532 501 504 462 490 521 547 518 
518 560 554 532 502 504 462 490 520 547 518 
518 559 555 533 503 504 463 489 519 546 518 
518 559 555 534 504 504 463 488 518 546 518 
518 559 555 535 504 504 463 487 518 545 518 
518 559 556 535 505 504 463 487 517 544 518 
518 559 556 536 506 504 463 486 516 544 518 
517 559 556 537 507 505 463 485 515 543 517 
517 558 557 538 508 505 464 484 514 543 517 
517 558 557 538 509 505 464 484 513 542 517 
517 558 557 539 510 505 464 483 512 541 517 
517 558 557 540 511 505 464 482 511 541 517 
517 557 558 541 511 505 465 481 511 540 517 
517 557 558 541 512 505 465 481 510 539 517 
516 557 558 542 513 506 465 480 509 538 516 
516 557 558 543 514 506 465 479 508 538 516 
516 556 559 543 515 506 466 479 507 537 516 
516 556 559 544 516 506 466 478 506 536 516 
516 556 559 544 517 506 466 478 505 535 516 
516 555 559 545 518 506 467 477 504 535 516 
516 555 559 546 518 506 467 476 504 534 516 
515 555 559 546 519 507 467 476 503 533 515 
515 554 560 547 520 507 468 475 502 532 515 
515 554 560 547 521 507 468 475 501 532 515 
515 553 560 548 522 507 469 474 500 531 515 
515 553 560 549 523 507 469 473 499 530 515 
515 553 560 549 524 507 469 473 498 529 515 
514 552 560 550 524 508 470 472 498 528 514 
514 552 560 550 525 508 470 472 497 528 514 
514 551 560 551 526 508 471 471 496 527 514 
514 551 560 551 527 508 471 462 495 526 514 
514 550 560 552 528 508 472 462 494 525 514 
514 550 560 552 528 508 472 462 494 524 514 
514 549 560 553 529 508 473 462 493 524 514 
513 549 560 553 530 509 473 462 492 523 513 
513 548 560 553 531 509 474 462 491 522 513 
513 547 560 554 532 509 475 462 490 521 513 
513 547 560 554 532 509 475 462 490 520 513 
513 546 559 555 533 509 476 463 489 519 513 
512 546 559 555 534 510 476 463 488 518 512 
512 545 559 555 535 510 477 463 487 518 512 
512 544 559 556 535 510 478 463 487 517 512 
512 544 559 556 536 510 478 463 486 516 512 
512 543 559 556 537 510 479 463 485 515 512 
512 543 558 557 538 510 479 464 484 514 512 
511 542 558 557 538 511 480 464 484 513 511 
511 541 558 557 539 511 481 464 483 512 511 
511 541 558 557 540 511 481 464 482 511 511 
511 540 557 558 541 511 482 465 481 511 511 
511 539 557 558 541 511 483 465 481 510 511 
511 538 557 558 542 511 484 465 480 509 511 
510 538 557 558 543 512 484 465 479 508 510 
510 537 556 559 543 512 485 466 479 507 510 
510 536 556 559 544 512 486 466 478 506 510 
510 535 556 559 544 512 487 466 478 505 510 
510 535 555 559 545 512 487 467 477 504 510 
510 534 555 559 546 512 488 467 476 504 510 
509 533 555 559 546 513 489 467 476 503 509 
509 532 554 560 547 513 490 468 475 502 509 
509 532 554 560 547 513 490 468 475 501 509 
509 531 553 560 548 513 491 469 474 500 509 
509 530 553 560 549 513 492 469 473 499 509 
508 529 553 560 549 514 493 469 473 498 508 
508 528 552 560 550 514 494 470 472 498 508 
508 528 552 560 550 514 494 470 472 497 508 
508 527 551 560 551 514 495 471 471 496 508 
508 526 551 560 551 514 496 471 462 495 508 
508 525 550 560 552 514 497 472 462 494 508 
508 524 550 560 552 514 498 472 462 494 508 
507 524 549 560 553 515 498 473 462 493 507 
507 523 549 560 553 515 499 473 462 492 507 
507 522 548 560 553 515 500 474 462 491 507 
507 521 547 560 554 515 501 475 462 490 507 
507 520 547 560 554 515 502 475 462 490 507 
507 519 546 559 555 515 503 476 463 489 507 
506 518 546 559 555 516 504 476 463 488 506 
506 518 545 559 555 516 504 477 463 487 506 
506 517 544 559 556 516 505 478 463 487 506 
506 516 544 559 556 516 506 478 463 486 506 
506 515 543 559 556 516 507 479 463 485 506 
506 514 543 558 557 516 508 479 464 484 506 
506 513 542 558 557 516 509 480 464 484 506 
505 512 541 558 557 517 510 481 464 483 505 
505 511 541 558 557 517 511 481 464 482 505 
505 511 540 557 558 517 511 482 465 481 505 
505 510 539 557 558 517 512 483 465 481 505 
505 509 538 557 558 517 513 484 465 480 505 
505 508 538 557 558 517 514 484 465 479 505 
505 507 537 556 559 517 515 485 466 479 505 
504 506 536 556 559 518 516 486 466 478 504 
504 505 535 556 559 518 517 487 466 478 504 
504 504 535 555 559 518 518 487 467 477 504 
504 504 534 555 559 518 518 488 467 476 504 
504 503 533 555 559 518 519 489 467 476 504 
504 502 532 554 560 518 520 490 468 475 504 
504 501 532 554 560 518 521 490 468 475 504 
504 500 531 553 560 518 522 491 469 474 504 
503 499 530 553 560 519 523 492 469 473 503 
503 498 529 553 560 519 524 493 469 473 503 
503 498 528 552 560 519 524 494 470 472 503 
503 497 528 552 560 519 525 494 470 472 503 
503 496 527 551 560 519 526 495 471 471 503 
503 495 526 551 560 519 527 496 471 462 503 
503 494 525 550 560 519 528 497 472 462 503 
503 494 524 550 560 519 528 498 472 462 503 
503 493 524 549 560 519 529 498 473 462 503 
503 492 523 549 560 519 530 499 473 462 503 
503 491 522 548 560 519 531 500 474 462 503 
502 490 521 547 560 520 532 501 475 462 502 
502 490 520 547 560 520 532 502 475 462 502 
502 489 519 546 559 520 533 503 476 463 502 
502 488 518 546 559 520 534 504 476 463 502 
502 487 518 545 559 520 535 504 477 463 502 
502 487 517 544 559 520 535 505 478 463 502 
502 486 516 544 559 520 536 506 478 463 502 
502 485 515 543 559 520 537 507 479 463 502 
502 484 514 543 558 520 538 508 479 464 502 
502 484 513 542 558 520 538 509 480 464 502 
502 483 512 541 558 520 539 510 481 464 502 
502 482 511 541 558 520 540 511 481 464 502 
502 481 511 540 557 520 541 511 482 465 502 
502 481 510 539 557 520 541 512 483 465 502 
502 480 509 538 557 520 542 513 484 465 502 
502 479 508 538 557 520 543 514 484 465 502 
501 479 507 537 556 521 543 515 485 466 501 
501 478 506 536 556 521 544 516 486 466 501 
501 478 505 535 556 521 544 517 487 466 501 
501 477 504 535 555 521 545 518 487 467 501 
501 476 504 534 555 521 546 518 488 467 501 
501 476 503 533 555 521 546 519 489 467 501 
501 475 502 532 554 521 547 520 490 468 501 
501 475 501 532 554 521 547 521 490 468 501 
501 474 500 531 553 521 548 522 491 469 501 
501 473 499 530 553 521 549 523 492 469 501 
501 473 498 529 553 521 549 524 493 469 501 
501 472 498 528 552 521 550 524 494 470 501 
501 472 497 528 552 521 550 525 494 470 501 
501 471 496 527 551 521 551 526 495 471 501 
501 471 495 526 551 521 551 527 496 471 501 
501 470 494 525 550 521 552 528 497 472 501 
501 470 494 524 550 521 552 528 498 472 501 
501 469 493 524 549 521 553 529 498 473 501 
501 469 492 523 549 521 553 530 499 473 501 
501 469 491 522 548 521 553 531 500 474 501 
501 468 490 521 547 521 554 532 501 475 501 
501 468 490 520 547 521 554 532 502 475 501 
501 467 489 519 546 521 555 533 503 476 501 
501 467 488 518 546 521 555 534 504 476 501 
501 467 487 518 545 521 555 535 504 477 501 
501 466 487 517 544 521 556 535 505 478 501 
501 466 486 516 544 521 556 536 506 478 501 
501 466 485 515 543 521 556 537 507 479 501 
502 465 484 514 543 520 557 538 508 479 502 
502 465 484 513 542 520 557 538 509 480 502 
502 465 483 512 541 520 557 539 510 481 502 
502 465 482 511 541 520 557 540 511 481 502 
502 464 481 511 540 520 558 541 511 482 502 
502 464 481 510 539 520 558 541 512 483 502 
502 464 480 509 538 520 558 542 513 484 502 
502 464 479 508 538 520 558 543 514 484 502 
502 463 479 507 537 520 559 543 515 485 502 
502 463 478 506 536 520 559 544 516 486 502 
502 463 478 505 535 520 559 544 517 487 502 
502 463 477 504 535 520 559 545 518 487 502 
502 463 476 504 534 520 559 546 518 488 502 
502 463 476 503 533 520 559 546 519 489 502 
502 462 475 502 532 520 560 547 520 490 502 
502 462 475 501 532 520 560 547 521 490 502 
503 462 474 500 531 519 560 548 522 491 503 
503 462 473 499 530 519 560 549 523 492 503 
503 462 473 498 529 519 560 549 524 493 503 
503 462 472 498 528 519 560 550 524 494 503 
503 462 472 497 528 519 560 550 525 494 503 
503 462 471 496 527 519 560 551 526 495 503 
503 462 471 495 526 519 560 551 527 496 503 
503 462 470 494 525 519 560 552 528 497 503 
503 462 470 494 524 519 560 552 528 498 503 
503 462 469 493 524 519 560 553 529 498 503 
503 462 469 492 523 519 560 553 530 499 503 
504 462 469 491 522 518 560 553 531 500 504 
504 462 468 490 521 518 560 554 532 501 504 
504 462 468 490 520 518 560 554 532 502 504 
504 463 467 489 519 518 559 555 533 503 504 
504 463 467 488 518 518 559 555 534 504 504 
504 463 467 487 518 518 559 555 535 504 504 
504 463 466 487 517 518 559 556 535 505 504 
504 463 466 486 516 518 559 556 536 506 504 
505 463 466 485 515 517 559 556 537 507 505 
505 464 465 484 514 517 558 557 538 508 505 
505 464 465 484 513 517 558 557 538 509 505 
505 464 465 483 512 517 558 557 539 510 505 
505 464 465 482 511 517 558 557 540 511 505 
505 465 464 481 511 517 557 558 541 511 505 
505 465 464 481 510 517 557 558 541 512 505 
506 465 464 480 509 516 557 558 542 513 506 
506 465 464 479 508 516 557 558 543 514 506 
506 466 463 479 507 516 556 559 543 515 506 
506 466 463 478 506 516 556 559 544 516 506 
506 466 463 478 505 516 556 559 544 517 506 
506 467 463 477 504 516 555 559 545 518 506 
506 467 463 476 504 516 555 559 546 518 506 
507 467 463 476 503 515 555 559 546 519 507 
507 468 462 475 502 515 554 560 547 520 507 
507 468 462 475 501 515 554 560 547 521 507 
507 469 462 474 500 515 553 560 548 522 507 
507 469 462 473 499 515 553 560 549 523 507 
507 469 462 473 498 515 553 560 549 524 507 
508 470 462 472 498 514 552 560 550 524 508 
508 470 462 472 497 514 552 560 550 525 508 
508 471 462 471 496 514 551 560 551 526 508 
508 471 462 471 495 514 551 560 551 527 508 
508 472 462 470 494 514 550 560 552 528 508 
508 472 462 470 494 514 550 560 552 528 508 
508 473 462 469 493 514 549 560 553 529 508 
509 473 462 469 492 513 549 560 553 530 509 
509 474 462 469 491 513 548 560 553 531 509 
509 475 462 468 490 513 547 560 554 532 509 
509 475 462 468 490 513 547 560 554 532 509 
509 476 463 467 489 513 546 559 555 533 509 
510 476 463 467 488 512 546 559 555 534 510 
510 477 463 467 487 512 545 559 555 535 510 
510 478 463 466 487 512 544 559 556 535 510 
510 478 463 466 486 512 544 559 556 536 510 
510 479 463 466 485 512 543 559 556 537 510 
510 479 464 465 484 512 543 558 557 538 510 
511 480 464 465 484 511 542 558 557 538 511 
511 481 464 465 483 511 541 558 557 539 511 
511 481 464 465 482 511 541 558 557 540 511 
511 482 465 464 481 511 540 557 558 541 511 
511 483 465 464 481 511 539 557 558 541 511 
511 484 465 464 480 511 538 557 558 542 511 
512 484 465 464 479 510 538 557 558 543 512 
512 485 466 463 479 510 537 556 559 543 512 
512 486 466 463 478 510 536 556 559 544 512 
512 487 466 463 478 510 535 556 559 544 512 
512 487 467 463 477 510 535 555 559 545 512 
512 488 467 463 476 510 534 555 559 546 512 
513 489 467 463 476 509 533 555 559 546 513 
513 490 468 462 475 509 532 554 560 547 513 
513 490 468 462 475 509 532 554 560 547 513 
513 491 469 462 474 509 531 553 560 548 513 
513 492 469 462 473 509 530 553 560 549 513 
514 493 469 462 473 508 529 553 560 549 514 
514 494 470 462 472 508 528 552 560 550 514 
514 494 470 462 472 508 528 552 560 550 514 
514 495 471 462 471 508 527 551 560 551 514 
514 496 471 462 471 508 526 551 560 551 514 
514 497 472 462 470 508 525 550 560 552 514 
514 498 472 462 470 508 524 550 560 552 514 
515 498 473 462 469 507 524 549 560 553 515 
515 499 473 462 469 507 523 549 560 553 515 
515 500 474 462 469 507 522 548 560 553 515 
515 501 475 462 468 507 521 547 560 554 515 
515 502 475 462 468 507 520 547 560 554 515 
515 503 476 463 467 507 519 546 559 555 515 
516 504 476 463 467 506 518 546 559 555 516 
516 504 477 463 467 506 518 545 559 555 516 
516 505 478 463 466 506 517 544 559 556 516 
516 506 478 463 466 506 516 544 559 556 516 
516 507 479 463 466 506 515 543 559 556 516 
516 508 479 464 465 506 514 543 558 557 516 
516 509 480 464 465 506 513 542 558 557 516 
517 510 481 464 465 505 512 541 558 557 517 
517 511 481 464 465 505 511 541 558 557 517 
517 511 482 465 464 505 511 540 557 558 517 
517 512 483 465 464 505 510 539 557 558 517 
517 513 484 465 464 505 509 538 557 558 517 
517 514 484 465 464 505 508 538 557 558 517 
517 515 485 466 463 505 507 537 556 559 517 
518 516 486 466 463 504 506 536 556 559 518 
518 517 487 466 463 504 505 535 556 559 518 
518 518 487 467 463 504 504 535 555 559 518 
518 518 488 467 463 504 504 534 555 559 518 
518 519 489 467 463 504 503 533 555 559 518 
518 520 490 468 462 504 502 532 554 560 518 
518 521 490 468 462 504 501 532 554 560 518 
518 522 491 469 462 504 500 531 553 560 518 
519 523 492 469 462 503 499 530 553 560 519 
519 524 493 469 462 503 498 529 553 560 519 
519 524 494 470 462 503 498 528 552 560 519 
519 525 494 470 462 503 497 528 552 560 519 
519 526 495 471 462 503 496 527 551 560 519 
519 527 496 471 462 503 495 526 551 560 519 
519 528 497 472 462 503 494 525 550 560 519 
519 528 498 472 462 503 494 524 550 560 519 
519 529 498 473 462 503 493 524 549 560 519 
519 530 499 473 462 503 492 523 549 560 519 
519 531 500 474 462 503 491 522 548 560 519 
520 532 501 475 462 502 490 521 547 560 520 
520 532 502 475 462 502 490 520 547 560 520 
520 533 503 476 463 502 489 519 546 559 520 
520 534 504 476 463 502 488 518 546 559 520 
520 535 504 477 463 502 487 518 545 559 520 
520 535 505 478 463 502 487 517 544 559 520 
520 536 506 478 463 502 486 516 544 559 520 
520 537 507 479 463 502 485 515 543 559 520 
520 538 508 479 464 502 484 514 543 558 520 
520 538 509 480 464 502 484 513 542 558 520 
520 539 510 481 464 502 483 512 541 558 520 
520 540 511 481 464 502 482 511 541 558 520 
520 541 511 482 465 502 481 511 540 557 520 
520 541 512 483 465 502 481 510 539 557 520 
520 542 513 484 465 502 480 509 538 557 520 
520 543 514 484 465 502 479 508 538 557 520 
521 543 515 485 466 501 479 507 537 556 521 
521 544 516 486 466 501 478 506 536 556 521 
521 544 517 487 466 501 478 505 535 556 521 
521 545 518 487 467 501 477 504 535 555 521 
521 546 518 488 467 501 476 504 534 555 521 
521 546 519 489 467 501 476 503 533 555 521 
521 547 520 490 468 501 475 502 532 554 521 
521 547 521 490 468 501 475 501 532 554 521 
521 548 522 491 469 501 474 500 531 553 521 
521 549 523 492 469 501 473 499 530 553 521 
521 549 524 493 469 501 473 498 529 553 521 
521 550 524 494 470 501 472 498 528 552 521 
521 550 525 494 470 501 472 497 528 552 521 
521 551 526 495 471 501 471 496 527 551 521 
521 551 527 496 471 501 471 495 526 551 521 
521 552 528 497 472 501 470 494 525 550 521 
521 552 528 498 472 501 470 494 524 550 521 
521 553 529 498 473 501 469 493 524 549 521 
521 553 530 499 473 501 469 492 523 549 521 
521 553 531 500 474 501 469 491 522 548 521 
521 554 532 501 475 501 468 490 521 547 521 
521 554 532 502 475 501 468 490 520 547 521 
521 555 533 503 476 501 467 489 519 546 521 
521 555 534 504 476 501 467 488 518 546 521 
521 555 535 504 477 501 467 487 518 545 521 
521 556 535 505 478 501 466 487 517 544 521 
521 556 536 506 478 501 466 486 516 544 521 
521 556 537 507 479 501 466 485 515 543 521 
520 557 538 508 479 502 465 484 514 543 520 
520 557 538 509 480 502 465 484 513 542 520 
520 557 539 510 481 502 465 483 512 541 520 
520 557 540 511 481 502 465 482 511 541 520 
520 558 541 511 482 502 464 481 511 540 520 
520 558 541 512 483 502 464 481 510 539 520 
520 558 542 513 484 502 464 480 509 538 520 
520 558 543 514 484 502 464 479 508 538 520 
520 559 543 515 485 502 463 479 507 537 520 
520 559 544 516 486 502 463 478 506 536 520 
520 559 544 517 487 502 463 478 505 535 520 
520 559 545 518 487 502 463 477 504 535 520 
520 559 546 518 488 502 463 476 504 534 520 
520 559 546 519 489 502 463 476 503 533 520 
520 560 547 520 490 502 462 475 502 532 520 
520 560 547 521 490 502 462 475 501 532 520 
519 560 548 522 491 503 462 474 500 531 519 
519 560 549 523 492 503 462 473 499 530 519 
519 560 549 524 493 503 462 473 498 529 519 
519 560 550 524 494 503 462 472 498 528 519 
519 560 550 525 494 503 462 472 497 528 519 
519 560 551 526 495 503 462 471 496 527 519 
519 560 551 527 496 503 462 471 495 526 519 
519 560 552 528 497 503 462 470 494 525 519 
519 560 552 528 498 503 462 470 494 524 519 
519 560 553 529 498 503 462 469 493 524 519 
519 560 553 530 499 503 462 469 492 523 519 
518 560 553 531 500 504 462 469 491 522 518 
518 560 554 532 501 504 462 468 490 521 518 
518 560 554 532 502 504 462 468 490 520 518 
518 559 555 533 503 504 463 467 489 519 518 
518 559 555 534 504 504 463 467 488 518 518 
518 559 555 535 504 504 463 467 487 518 518 
518 559 556 535 505 504 463 466 487 517 518 
518 559 556 536 506 504 463 466 486 516 518 
517 559 556 537 507 505 463 466 485 515 517 
517 558 557 538 508 505 464 465 484 514 517 
517 558 557 538 509 505 464 465 484 513 517 
517 558 557 539 510 505 464 465 483 512 517 
517 558 557 540 511 505 464 465 482 511 517 
517 557 558 541 511 505 465 464 481 511 517 
517 557 558 541 512 505 465 464 481 510 517 
516 557 558 542 513 506 465 464 480 509 516 
516 557 558 543 514 506 465 464 479 508 516 
516 556 559 543 515 506 466 463 479 507 516 
516 556 559 544 516 506 466 463 478 506 516 
516 556 559 544 517 506 466 463 478 505 516 
516 555 559 545 518 506 467 463 477 504 516 
516 555 559 546 518 506 467 463 476 504 516 
515 555 559 546 519 507 467 463 476 503 515 
515 554 560 547 520 507 468 462 475 502 515 
515 554 560 547 521 507 468 462 475 501 515 
515 553 560 548 522 507 469 462 474 500 515 
515 553 560 549 523 507 469 462 473 499 515 
515 553 560 549 524 507 469 462 473 498 515 
514 552 560 550 524 508 470 462 472 498 514 
514 552 560 550 525 508 470 462 472 497 514 
514 551 560 551 526 508 471 462 471 496 514 
514 551 560 551 527 508 471 462 471 495 514 
514 550 560 552 528 508 472 462 470 494 514 
514 550 560 552 528 508 472 462 470 494 514 
514 549 560 553 529 508 473 462 469 493 514 
513 549 560 553 530 509 473 462 469 492 513 
513 548 560 553 531 509 474 462 469 491 513 
513 547 560 554 532 509 475 462 468 490 513 
513 547 560 554 532 509 475 462 468 490 513 
513 546 559 555 533 509 476 463 467 489 513 
512 546 559 555 534 510 476 463 467 488 512 
512 545 559 555 535 510 477 463 467 487 512 
512 544 559 556 535 510 478 463 466 487 512 
512 544 559 556 536 510 478 463 466 486 512 
512 543 559 556 537 510 479 463 466 485 512 
512 543 558 557 538 510 479 464 465 484 512 
511 542 558 557 538 511 480 464 465 484 511 
511 541 558 557 539 511 481 464 465 483 511 
511 541 558 557 540 511 481 464 465 482 511 
511 540 557 558 541 511 482 465 464 481 511 
511 539 557 558 541 511 483 465 464 481 511 
511 538 557 558 542 511 484 465 464 480 511 
510 538 557 558 543 512 484 465 464 479 510 
510 537 556 559 543 512 485 466 463 479 510 
510 536 556 559 544 512 486 466 463 478 510 
510 535 556 559 544 512 487 466 463 478 510 
510 535 555 559 545 512 487 467 463 477 510 
510 534 555 559 546 512 488 467 463 476 510 
509 533 555 559 546 513 489 467 463 476 509 
509 532 554 560 547 513 490 468 462 475 509 
509 532 554 560 547 513 490 468 462 475 509 
509 531 553 560 548 513 491 469 462 474 509 
509 530 553 560 549 513 492 469 462 473 509 
508 529 553 560 549 514 493 469 462 473 508 
508 528 552 560 550 514 494 470 462 472 508 
508 528 552 560 550 514 494 470 462 472 508 
508 527 551 560 551 514 495 471 462 471 508 
508 526 551 560 551 514 496 471 462 471 508 
508 525 550 560 552 514 497 472 462 470 508 
508 524 550 560 552 514 498 472 462 470 508 
507 524 549 560 553 515 498 473 462 469 507 
507 523 549 560 553 515 499 473 462 469 507 
507 522 548 560 553 515 500 474 462 469 507 
507 521 547 560 554 515 501 475 462 468 507 
507 520 547 560 554 515 502 475 462 468 507 
507 519 546 559 555 515 503 476 463 467 507 
506 518 546 559 555 516 504 476 463 467 506 
506 518 545 559 555 516 504 477 463 467 506 
506 517 544 559 556 516 505 478 463 466 506 
506 516 544 559 556 516 506 478 463 466 506 
506 515 543 559 556 516 507 479 463 466 506 
506 514 543 558 557 516 508 479 464 465 506 
506 513 542 558 557 516 509 480 464 465 506 
505 512 541 558 557 517 510 481 464 465 505 
505 511 541 558 557 517 511 481 464 465 505 
505 511 540 557 558 517 511 482 465 464 505 
505 510 539 557 558 517 512 483 465 464 505 
505 509 538 557 558 517 513 484 465 464 505 
505 508 538 557 558 517 514 484 465 464 505 
505 507 537 556 559 517 515 485 466 463 505 
504 506 536 556 559 518 516 486 466 463 504 
504 505 535 556 559 518 517 487 466 463 504 
504 504 535 555 559 518 518 487 467 463 504 
504 504 534 555 559 518 518 488 467 463 504 
504 503 533 555 559 518 519 489 467 463 504 
504 502 532 554 560 518 520 490 468 462 504 
504 501 532 554 560 518 521 490 468 462 504 
504 500 531 553 560 518 522 491 469 462 504 
503 499 530 553 560 519 523 492 469 462 503 
503 498 529 553 560 519 524 493 469 462 503 
503 498 528 552 560 519 524 494 470 462 503 
503 497 528 552 560 519 525 494 470 462 503 
503 496 527 551 560 519 526 495 471 462 503 
