501 495 526 551 560 521 527 496 471 462 501 
501 494 525 550 560 521 528 497 472 462 501 
501 494 524 550 560 521 528 498 472 462 501 
501 493 524 549 560 521 529 498 473 462 501 
501 492 523 549 560 521 530 499 473 462 501 
501 491 522 548 560 521 531 500 474 462 501 
501 490 521 547 560 521 532 501 475 462 501 
501 490 520 547 560 521 532 502 475 462 501 
501 489 519 546 559 521 533 503 476 463 501 
501 488 518 546 559 521 534 504 476 463 501 
501 487 518 545 559 521 535 504 477 463 501 
501 487 517 544 559 521 535 505 478 463 501 
501 486 516 544 559 521 536 506 478 463 501 
501 485 515 543 559 521 537 507 479 463 501 
501 484 514 543 558 521 538 508 479 464 501 
501 484 513 542 558 521 538 509 480 464 501 
501 483 512 541 558 521 539 510 481 464 501 
501 482 511 541 558 521 540 511 481 464 501 
501 481 511 540 557 521 541 511 482 465 501 
501 481 510 539 557 521 541 512 483 465 501 
501 480 509 538 557 521 542 513 484 465 501 
501 479 508 538 557 521 543 514 484 465 501 
501 479 507 537 556 521 543 515 485 466 501 
501 478 506 536 556 521 544 516 486 466 501 
501 478 505 535 556 521 544 517 487 466 501 
501 477 504 535 555 521 545 518 487 467 501 
501 476 504 534 555 521 546 518 488 467 501 
501 476 503 533 555 521 546 519 489 467 501 
501 475 502 532 554 521 547 520 490 468 501 
501 475 501 532 554 521 547 521 490 468 501 
501 474 500 531 553 521 548 522 491 469 501 
501 473 499 530 553 521 549 523 492 469 501 
501 473 498 529 553 521 549 524 493 469 501 
501 472 498 528 552 521 550 524 494 470 501 
501 472 497 528 552 521 550 525 494 470 501 
501 471 496 527 551 521 551 526 495 471 501 
501 462 495 526 551 521 551 527 496 471 501 
501 462 494 525 550 521 552 528 497 472 501 
501 462 494 524 550 521 552 528 498 472 501 
501 461 493 524 549 521 553 529 498 473 501 
501 461 492 523 549 521 553 530 499 473 501 
501 461 491 522 548 521 553 531 500 474 501 
501 461 490 521 547 521 554 532 501 475 501 
502 461 490 520 547 520 554 532 502 475 502 
502 460 489 519 546 520 555 533 503 476 502 
502 460 488 518 546 520 555 534 504 476 502 
502 460 487 518 545 520 555 535 504 477 502 
502 460 487 517 544 520 556 535 505 478 502 
502 460 486 516 544 520 556 536 506 478 502 
502 460 485 515 543 520 556 537 507 479 502 
502 460 484 514 543 520 557 538 508 479 502 
502 460 484 513 542 520 557 538 509 480 502 
502 460 483 512 541 520 557 539 510 481 502 
502 460 482 511 541 520 557 540 511 481 502 
502 460 481 511 540 520 558 541 511 482 502 
502 460 481 510 539 520 558 541 512 483 502 
502 460 480 509 538 520 558 542 513 484 502 
503 460 479 508 538 519 558 543 514 484 503 
503 460 479 507 537 519 559 543 515 485 503 
503 460 478 506 536 519 559 544 516 486 503 
503 460 478 505 535 519 559 544 517 487 503 
503 460 477 504 535 519 559 545 518 487 503 
503 460 476 504 534 519 559 546 518 488 503 
503 460 476 503 533 519 559 546 519 489 503 
503 460 475 502 532 519 560 547 520 490 503 
503 460 475 501 532 519 560 547 521 490 503 
503 461 474 500 531 519 560 548 522 491 503 
504 461 473 499 530 518 560 549 523 492 504 
504 461 473 498 529 518 560 549 524 493 504 
504 461 472 498 528 518 560 550 524 494 504 
504 461 472 497 528 518 560 550 525 494 504 
504 461 471 496 527 518 560 551 526 495 504 
504 462 462 495 526 518 560 551 527 496 504 
504 462 462 494 525 518 560 552 528 497 504 
504 462 462 494 524 518 560 552 528 498 504 
504 462 461 493 524 518 560 553 529 498 504 
504 463 461 492 523 518 560 553 530 499 504 
505 463 461 491 522 517 560 553 531 500 505 
505 463 461 490 521 517 560 554 532 501 505 
505 464 461 490 520 517 560 554 532 502 505 
505 464 460 489 519 517 559 555 533 503 505 
505 464 460 488 518 517 559 555 534 504 505 
505 465 460 487 518 517 559 555 535 504 505 
505 465 460 487 517 517 559 556 535 505 505 
505 465 460 486 516 517 559 556 536 506 505 
505 466 460 485 515 517 559 556 537 507 505 
506 466 460 484 514 516 558 557 538 508 506 
506 466 460 484 513 516 558 557 538 509 506 
506 467 460 483 512 516 558 557 539 510 506 
506 467 460 482 511 516 558 557 540 511 506 
506 467 460 481 511 516 557 558 541 511 506 
506 468 460 481 510 516 557 558 541 512 506 
506 468 460 480 509 516 557 558 542 513 506 
506 469 460 479 508 516 557 558 543 514 506 
507 469 460 479 507 515 556 559 543 515 507 
507 470 460 478 506 515 556 559 544 516 507 
507 470 460 478 505 515 556 559 544 517 507 
507 471 460 477 504 515 555 559 545 518 507 
507 471 460 476 504 515 555 559 546 518 507 
507 472 460 476 503 515 555 559 546 519 507 
507 472 460 475 502 515 554 560 547 520 507 
507 473 460 475 501 515 554 560 547 521 507 
507 473 461 474 500 515 553 560 548 522 507 
508 474 461 473 499 514 553 560 549 523 508 
508 474 461 473 498 514 553 560 549 524 508 
508 475 461 472 498 514 552 560 550 524 508 
508 475 461 472 497 514 552 560 550 525 508 
508 476 461 471 496 514 551 560 551 526 508 
508 476 462 462 495 514 551 560 551 527 508 
508 477 462 462 494 514 550 560 552 528 508 
508 477 462 462 494 514 550 560 552 528 508 
508 478 462 461 493 514 549 560 553 529 508 
509 478 463 461 492 513 549 560 553 530 509 
509 479 463 461 491 513 548 560 553 531 509 
509 479 463 461 490 513 547 560 554 532 509 
509 480 464 461 490 513 547 560 554 532 509 
509 481 464 460 489 513 546 559 555 533 509 
509 481 464 460 488 513 546 559 555 534 509 
509 482 465 460 487 513 545 559 555 535 509 
509 482 465 460 487 513 544 559 556 535 509 
509 483 465 460 486 513 544 559 556 536 509 
509 483 466 460 485 513 543 559 556 537 509 
509 484 466 460 484 513 543 558 557 538 509 
510 485 466 460 484 512 542 558 557 538 510 
510 485 467 460 483 512 541 558 557 539 510 
510 486 467 460 482 512 541 558 557 540 510 
510 486 467 460 481 512 540 557 558 541 510 
510 487 468 460 481 512 539 557 558 541 510 
510 488 468 460 480 512 538 557 558 542 510 
510 488 469 460 479 512 538 557 558 543 510 
510 489 469 460 479 512 537 556 559 543 510 
510 489 470 460 478 512 536 556 559 544 510 
510 490 470 460 478 512 535 556 559 544 510 
510 490 471 460 477 512 535 555 559 545 510 
510 491 471 460 476 512 534 555 559 546 510 
510 492 472 460 476 512 533 555 559 546 510 
510 492 472 460 475 512 532 554 560 547 510 
511 493 473 460 475 511 532 554 560 547 511 
511 493 473 461 474 511 531 553 560 548 511 
511 494 474 461 473 511 530 553 560 549 511 
511 494 474 461 473 511 529 553 560 549 511 
511 495 475 461 472 511 528 552 560 550 511 
511 495 475 461 472 511 528 552 560 550 511 
511 496 476 461 471 511 527 551 560 551 511 
511 497 476 462 462 511 526 551 560 551 511 
511 497 477 462 462 511 525 550 560 552 511 
511 498 477 462 462 511 524 550 560 552 511 
511 498 478 462 461 511 524 549 560 553 511 
511 499 478 463 461 511 523 549 560 553 511 
511 499 479 463 461 511 522 548 560 553 511 
511 500 479 463 461 511 521 547 560 554 511 
511 500 480 464 461 511 520 547 560 554 511 
511 501 481 464 460 511 519 546 559 555 511 
511 501 481 464 460 511 518 546 559 555 511 
511 502 482 465 460 511 518 545 559 555 511 
511 502 482 465 460 511 517 544 559 556 511 
511 502 483 465 460 511 516 544 559 556 511 
511 503 483 466 460 511 515 543 559 556 511 
511 503 484 466 460 511 514 543 558 557 511 
511 504 485 466 460 511 513 542 558 557 511 
511 504 485 467 460 511 512 541 558 557 511 
511 505 486 467 460 511 511 541 558 557 511 
511 505 486 467 460 511 511 540 557 558 511 
511 505 487 468 460 511 510 539 557 558 511 
511 506 488 468 460 511 509 538 557 558 511 
511 506 488 469 460 511 508 538 557 558 511 
511 506 489 469 460 511 507 537 556 559 511 
511 507 489 470 460 511 506 536 556 559 511 
511 507 490 470 460 511 505 535 556 559 511 
511 507 490 471 460 511 504 535 555 559 511 
511 508 491 471 460 511 504 534 555 559 511 
511 508 492 472 460 511 503 533 555 559 511 
511 508 492 472 460 511 502 532 554 560 511 
510 509 493 473 460 512 501 532 554 560 510 
510 509 493 473 461 512 500 531 553 560 510 
510 509 494 474 461 512 499 530 553 560 510 
510 509 494 474 461 512 498 529 553 560 510 
510 509 495 475 461 512 498 528 552 560 510 
510 510 495 475 461 512 497 528 552 560 510 
510 510 496 476 461 512 496 527 551 560 510 
510 510 497 476 462 512 495 526 551 560 510 
510 510 497 477 462 512 494 525 550 560 510 
510 510 498 477 462 512 494 524 550 560 510 
510 510 498 478 462 512 493 524 549 560 510 
510 511 499 478 463 512 492 523 549 560 510 
510 511 499 479 463 512 491 522 548 560 510 
509 511 500 479 463 513 490 521 547 560 509 
509 511 500 480 464 513 490 520 547 560 509 
509 511 501 481 464 513 489 519 546 559 509 
509 511 501 481 464 513 488 518 546 559 509 
509 511 502 482 465 513 487 518 545 559 509 
509 511 502 482 465 513 487 517 544 559 509 
509 511 502 483 465 513 486 516 544 559 509 
509 511 503 483 466 513 485 515 543 559 509 
508 511 503 484 466 514 484 514 543 558 508 
508 511 504 485 466 514 484 513 542 558 508 
508 511 504 485 467 514 483 512 541 558 508 
508 511 505 486 467 514 482 511 541 558 508 
508 511 505 486 467 514 481 511 540 557 508 
508 510 505 487 468 514 481 510 539 557 508 
508 510 506 488 468 514 480 509 538 557 508 
508 510 506 488 469 514 479 508 538 557 508 
507 510 506 489 469 515 479 507 537 556 507 
507 510 507 489 470 515 478 506 536 556 507 
507 510 507 490 470 515 478 505 535 556 507 
507 509 507 490 471 515 477 504 535 555 507 
507 509 508 491 471 515 476 504 534 555 507 
507 509 508 492 472 515 476 503 533 555 507 
506 509 508 492 472 516 475 502 532 554 506 
506 508 509 493 473 516 475 501 532 554 506 
506 508 509 493 473 516 474 500 531 553 506 
506 508 509 494 474 516 473 499 530 553 506 
506 507 509 494 474 516 473 498 529 553 506 
505 507 509 495 475 517 472 498 528 552 505 
505 507 510 495 475 517 472 497 528 552 505 
505 506 510 496 476 517 471 496 527 551 505 
505 506 510 497 476 517 462 495 526 551 505 
505 505 510 497 477 517 462 494 525 550 505 
504 505 510 498 477 518 462 494 524 550 504 
504 505 510 498 478 518 461 493 524 549 504 
504 504 511 499 478 518 461 492 523 549 504 
504 504 511 499 479 518 461 491 522 548 504 
504 503 511 500 479 518 461 490 521 547 504 
503 503 511 500 480 519 461 490 520 547 503 
503 502 511 501 481 519 460 489 519 546 503 
503 502 511 501 481 519 460 488 518 546 503 
503 501 511 502 482 519 460 487 518 545 503 
503 500 511 502 482 519 460 487 517 544 503 
502 500 511 502 483 520 460 486 516 544 502 
502 499 511 503 483 520 460 485 515 543 502 
502 498 511 503 484 520 460 484 514 543 502 
502 498 511 504 485 520 460 484 513 542 502 
501 497 511 504 485 521 460 483 512 541 501 
501 496 511 505 486 521 460 482 511 541 501 
501 496 511 505 486 521 460 481 511 540 501 
501 495 510 505 487 521 460 481 510 539 501 
500 494 510 506 488 522 460 480 509 538 500 
500 494 510 506 488 522 460 479 508 538 500 
500 493 510 506 489 522 460 479 507 537 500 
500 492 510 507 489 522 460 478 506 536 500 
500 491 510 507 490 522 460 478 505 535 500 
499 490 509 507 490 523 460 477 504 535 499 
499 490 509 508 491 523 460 476 504 534 499 
499 489 509 508 492 523 460 476 503 533 499 
499 488 509 508 492 523 460 475 502 532 499 
498 487 508 509 493 524 460 475 501 532 498 
498 486 508 509 493 524 461 474 500 531 498 
498 485 508 509 494 524 461 473 499 530 498 
498 484 507 509 494 524 461 473 498 529 498 
497 483 507 509 495 525 461 472 498 528 497 
497 482 507 510 495 525 461 472 497 528 497 
497 481 506 510 496 525 461 471 496 527 497 
496 480 506 510 497 526 462 462 495 526 496 
496 479 505 510 497 526 462 462 494 525 496 
496 478 505 510 498 526 462 462 494 524 496 
496 477 505 510 498 526 462 461 493 524 496 
495 476 504 511 499 527 463 461 492 523 495 
495 475 504 511 499 527 463 461 491 522 495 
495 474 503 511 500 527 463 461 490 521 495 
495 473 503 511 500 527 464 461 490 520 495 
494 472 502 511 501 528 464 460 489 519 494 
494 471 502 511 501 528 464 460 488 518 494 
494 470 501 511 502 528 465 460 487 518 494 
494 469 500 511 502 528 465 460 487 517 494 
493 468 500 511 502 529 465 460 486 516 493 
493 467 499 511 503 529 466 460 485 515 493 
493 465 498 511 503 529 466 460 484 514 493 
493 464 498 511 504 529 466 460 484 513 493 
492 463 497 511 504 530 467 460 483 512 492 
492 462 496 511 505 530 467 460 482 511 492 
492 461 496 511 505 530 467 460 481 511 492 
492 460 495 510 505 530 468 460 481 510 492 
491 458 494 510 506 531 468 460 480 509 491 
491 457 494 510 506 531 469 460 479 508 491 
491 456 493 510 506 531 469 460 479 507 491 
490 455 492 510 507 532 470 460 478 506 490 
490 454 491 510 507 532 470 460 478 505 490 
490 452 490 509 507 532 471 460 477 504 490 
490 451 490 509 508 532 471 460 476 504 490 
489 450 489 509 508 533 472 460 476 503 489 
489 449 488 509 508 533 472 460 475 502 489 
489 447 487 508 509 533 473 460 475 501 489 
489 446 486 508 509 533 473 461 474 500 489 
488 445 485 508 509 534 474 461 473 499 488 
488 444 484 507 509 534 474 461 473 498 488 
488 442 483 507 509 534 475 461 472 498 488 
488 441 482 507 510 534 475 461 472 497 488 
487 440 481 506 510 535 476 461 471 496 487 
487 438 480 506 510 535 476 462 462 495 487 
487 437 479 505 510 535 477 462 462 494 487 
487 436 478 505 510 535 477 462 462 494 487 
486 435 477 505 510 536 478 462 461 493 486 
486 433 476 504 511 536 478 463 461 492 486 
486 432 475 504 511 536 479 463 461 491 486 
486 431 474 503 511 536 479 463 461 490 486 
485 429 473 503 511 537 480 464 461 490 485 
485 428 472 502 511 537 481 464 460 489 485 
485 427 471 502 511 537 481 464 460 488 485 
484 425 470 501 511 538 482 465 460 487 484 
484 424 469 500 511 538 482 465 460 487 484 
484 423 468 500 511 538 483 465 460 486 484 
484 422 467 499 511 538 483 466 460 485 484 
483 420 465 498 511 539 484 466 460 484 483 
483 419 464 498 511 539 485 466 460 484 483 
483 418 463 497 511 539 485 467 460 483 483 
483 416 462 496 511 539 486 467 460 482 483 
482 415 461 496 511 540 486 467 460 481 482 
482 414 460 495 510 540 487 468 460 481 482 
482 412 458 494 510 540 488 468 460 480 482 
482 411 457 494 510 540 488 469 460 479 482 
481 410 456 493 510 541 489 469 460 479 481 
481 408 455 492 510 541 489 470 460 478 481 
481 407 454 491 510 541 490 470 460 478 481 
481 406 452 490 509 541 490 471 460 477 481 
480 404 451 490 509 542 491 471 460 476 480 
480 403 450 489 509 542 492 472 460 476 480 
480 402 449 488 509 542 492 472 460 475 480 
479 401 447 487 508 543 493 473 460 475 479 
479 399 446 486 508 543 493 473 461 474 479 
479 398 445 485 508 543 494 474 461 473 479 
479 397 444 484 507 543 494 474 461 473 479 
478 395 442 483 507 544 495 475 461 472 478 
478 394 441 482 507 544 495 475 461 472 478 
478 393 440 481 506 544 496 476 461 471 478 
477 391 438 480 506 545 497 476 462 462 477 
477 390 437 479 505 545 497 477 462 462 477 
477 389 436 478 505 545 498 477 462 462 477 
477 388 435 477 505 545 498 478 462 461 477 
476 386 433 476 504 546 499 478 463 461 476 
476 385 432 475 504 546 499 479 463 461 476 
476 384 431 474 503 546 500 479 463 461 476 
475 382 429 473 503 547 500 480 464 461 475 
475 381 428 472 502 547 501 481 464 460 475 
475 380 427 471 502 547 501 481 464 460 475 
474 378 425 470 501 548 502 482 465 460 474 
474 377 424 469 500 548 502 482 465 460 474 
474 376 423 468 500 548 502 483 465 460 474 
473 375 422 467 499 549 503 483 466 460 473 
473 373 420 465 498 549 503 484 466 460 473 
472 372 419 464 498 550 504 485 466 460 472 
472 371 418 463 497 550 504 485 467 460 472 
472 369 416 462 496 550 505 486 467 460 472 
471 368 415 461 496 551 505 486 467 460 471 
471 367 414 460 495 551 505 487 468 460 471 
470 365 412 458 494 552 506 488 468 460 470 
470 364 411 457 494 552 506 488 469 460 470 
469 363 410 456 493 553 506 489 469 460 469 
469 361 408 455 492 553 507 489 470 460 469 
468 360 407 454 491 554 507 490 470 460 468 
468 359 406 452 490 554 507 490 471 460 468 
467 357 404 451 490 555 508 491 471 460 467 
466 356 403 450 489 556 508 492 472 460 466 
466 355 402 449 488 556 508 492 472 460 466 
465 353 401 447 487 557 509 493 473 460 465 
464 352 399 446 486 558 509 493 473 461 464 
463 351 398 445 485 559 509 494 474 461 463 
462 349 397 444 484 560 509 494 474 461 462 
461 348 395 442 483 561 509 495 475 461 461 
460 346 394 441 482 562 510 495 475 461 460 
458 345 393 440 481 564 510 496 476 461 458 
501 343 391 438 480 521 510 497 476 462 501 
501 342 390 437 479 521 510 497 477 462 501 
501 340 389 436 478 521 510 498 477 462 501 
501 339 388 435 477 521 510 498 478 462 501 
501 337 386 433 476 521 511 499 478 463 501 
501 336 385 432 475 521 511 499 479 463 501 
501 334 384 431 474 521 511 500 479 463 501 
501 333 382 429 473 521 511 500 480 464 501 
501 331 381 428 472 521 511 501 481 464 501 
501 329 380 427 471 521 511 501 481 464 501 
501 328 378 425 470 521 511 502 482 465 501 
501 326 377 424 469 521 511 502 482 465 501 
501 324 376 423 468 521 511 502 483 465 501 
501 322 375 422 467 521 511 503 483 466 501 
502 320 373 420 465 520 511 503 484 466 502 
502 318 372 419 464 520 511 504 485 466 502 
502 316 371 418 463 520 511 504 485 467 502 
502 314 369 416 462 520 511 505 486 467 502 
502 312 368 415 461 520 511 505 486 467 502 
502 310 367 414 460 520 510 505 487 468 502 
502 308 365 412 458 520 510 506 488 468 502 
502 305 364 411 457 520 510 506 488 469 502 
502 303 363 410 456 520 510 506 489 469 502 
502 300 361 408 455 520 510 507 489 470 502 
502 297 360 407 454 520 510 507 490 470 502 
502 294 359 406 452 520 509 507 490 471 502 
502 291 357 404 451 520 509 508 491 471 502 
502 288 356 403 450 520 509 508 492 472 502 
502 284 355 402 449 520 509 508 492 472 502 
502 281 353 401 447 520 508 509 493 473 502 
503 276 352 399 446 519 508 509 493 473 503 
503 272 351 398 445 519 508 509 494 474 503 
503 267 349 397 444 519 507 509 494 474 503 
503 261 348 395 442 519 507 509 495 475 503 
503 254 346 394 441 519 507 510 495 475 503 
503 245 345 393 440 519 506 510 496 476 503 
503 462 343 391 438 519 506 510 497 476 503 
503 462 342 390 437 519 505 510 497 477 503 
503 462 340 389 436 519 505 510 498 477 503 
503 462 339 388 435 519 505 510 498 478 503 
503 462 337 386 433 519 504 511 499 478 503 
504 462 336 385 432 518 504 511 499 479 504 
504 462 334 384 431 518 503 511 500 479 504 
504 462 333 382 429 518 503 511 500 480 504 
504 463 331 381 428 518 502 511 501 481 504 
504 463 329 380 427 518 502 511 501 481 504 
504 463 328 378 425 518 501 511 502 482 504 
504 463 326 377 424 518 500 511 502 482 504 
504 463 324 376 423 518 500 511 502 483 504 
505 463 322 375 422 517 499 511 503 483 505 
505 464 320 373 420 517 498 511 503 484 505 
505 464 318 372 419 517 498 511 504 485 505 
505 464 316 371 418 517 497 511 504 485 505 
505 464 314 369 416 517 496 511 505 486 505 
505 465 312 368 415 517 496 511 505 486 505 
505 465 310 367 414 517 495 510 505 487 505 
506 465 308 365 412 516 494 510 506 488 506 
506 465 305 364 411 516 494 510 506 488 506 
506 466 303 363 410 516 493 510 506 489 506 
506 466 300 361 408 516 492 510 507 489 506 
506 466 297 360 407 516 491 510 507 490 506 
506 467 294 359 406 516 490 509 507 490 506 
506 467 291 357 404 516 490 509 508 491 506 
507 467 288 356 403 515 489 509 508 492 507 
507 468 284 355 402 515 488 509 508 492 507 
507 468 281 353 401 515 487 508 509 493 507 
507 469 276 352 399 515 486 508 509 493 507 
507 469 272 351 398 515 485 508 509 494 507 
507 469 267 349 397 515 484 507 509 494 507 
508 470 261 348 395 514 483 507 509 495 508 
508 470 254 346 394 514 482 507 510 495 508 
508 471 245 345 393 514 481 506 510 496 508 
508 471 462 343 391 514 480 506 510 497 508 
508 472 462 342 390 514 479 505 510 497 508 
508 472 462 340 389 514 478 505 510 498 508 
508 473 462 339 388 514 477 505 510 498 508 
509 473 462 337 386 513 476 504 511 499 509 
509 474 462 336 385 513 475 504 511 499 509 
509 475 462 334 384 513 474 503 511 500 509 
509 475 462 333 382 513 473 503 511 500 509 
509 476 463 331 381 513 472 502 511 501 509 
510 476 463 329 380 512 471 502 511 501 510 
510 477 463 328 378 512 470 501 511 502 510 
510 478 463 326 377 512 469 500 511 502 510 
510 478 463 324 376 512 468 500 511 502 510 
510 479 463 322 375 512 467 499 511 503 510 
510 479 464 320 373 512 465 498 511 503 510 
511 480 464 318 372 511 464 498 511 504 511 
511 481 464 316 371 511 463 497 511 504 511 
511 481 464 314 369 511 462 496 511 505 511 
511 482 465 312 368 511 461 496 511 505 511 
511 483 465 310 367 511 460 495 510 505 511 
511 484 465 308 365 511 458 494 510 506 511 
512 484 465 305 364 510 457 494 510 506 512 
512 485 466 303 363 510 456 493 510 506 512 
512 486 466 300 361 510 455 492 510 507 512 
512 487 466 297 360 510 454 491 510 507 512 
512 487 467 294 359 510 452 490 509 507 512 
512 488 467 291 357 510 451 490 509 508 512 
513 489 467 288 356 509 450 489 509 508 513 
513 490 468 284 355 509 449 488 509 508 513 
513 490 468 281 353 509 447 487 508 509 513 
513 491 469 276 352 509 446 486 508 509 513 
513 492 469 272 351 509 445 485 508 509 513 
514 493 469 267 349 508 444 484 507 509 514 
514 494 470 261 348 508 442 483 507 509 514 
514 494 470 254 346 508 441 482 507 510 514 
514 495 471 245 345 508 440 481 506 510 514 
514 496 471 462 343 508 438 480 506 510 514 
514 497 472 462 342 508 437 479 505 510 514 
514 498 472 462 340 508 436 478 505 510 514 
515 498 473 462 339 507 435 477 505 510 515 
515 499 473 462 337 507 433 476 504 511 515 
515 500 474 462 336 507 432 475 504 511 515 
515 501 475 462 334 507 431 474 503 511 515 
515 502 475 462 333 507 429 473 503 511 515 
515 503 476 463 331 507 428 472 502 511 515 
516 504 476 463 329 506 427 471 502 511 516 
516 504 477 463 328 506 425 470 501 511 516 
516 505 478 463 326 506 424 469 500 511 516 
516 506 478 463 324 506 423 468 500 511 516 
516 507 479 463 322 506 422 467 499 511 516 
516 508 479 464 320 506 420 465 498 511 516 
516 509 480 464 318 506 419 464 498 511 516 
517 510 481 464 316 505 418 463 497 511 517 
517 511 481 464 314 505 416 462 496 511 517 
517 511 482 465 312 505 415 461 496 511 517 
517 512 483 465 310 505 414 460 495 510 517 
517 513 484 465 308 505 412 458 494 510 517 
517 514 484 465 305 505 411 457 494 510 517 
517 515 485 466 303 505 410 456 493 510 517 
518 516 486 466 300 504 408 455 492 510 518 
518 517 487 466 297 504 407 454 491 510 518 
518 518 487 467 294 504 406 452 490 509 518 
518 518 488 467 291 504 404 451 490 509 518 
518 519 489 467 288 504 403 450 489 509 518 
518 520 490 468 284 504 402 449 488 509 518 
518 521 490 468 281 504 401 447 487 508 518 
518 522 491 469 276 504 399 446 486 508 518 
519 523 492 469 272 503 398 445 485 508 519 
519 524 493 469 267 503 397 444 484 507 519 
519 524 494 470 261 503 395 442 483 507 519 
519 525 494 470 254 503 394 441 482 507 519 
519 526 495 471 245 503 393 440 481 506 519 
519 527 496 471 462 503 391 438 480 506 519 
519 528 497 472 462 503 390 437 479 505 519 
519 528 498 472 462 503 389 436 478 505 519 
519 529 498 473 462 503 388 435 477 505 519 
519 530 499 473 462 503 386 433 476 504 519 
519 531 500 474 462 503 385 432 475 504 519 
520 532 501 475 462 502 384 431 474 503 520 
520 532 502 475 462 502 382 429 473 503 520 
520 533 503 476 463 502 381 428 472 502 520 
520 534 504 476 463 502 380 427 471 502 520 
520 535 504 477 463 502 378 425 470 501 520 
520 535 505 478 463 502 377 424 469 500 520 
520 536 506 478 463 502 376 423 468 500 520 
520 537 507 479 463 502 375 422 467 499 520 
520 538 508 479 464 502 373 420 465 498 520 
520 538 509 480 464 502 372 419 464 498 520 
520 539 510 481 464 502 371 418 463 497 520 
520 540 511 481 464 502 369 416 462 496 520 
520 541 511 482 465 502 368 415 461 496 520 
520 541 512 483 465 502 367 414 460 495 520 
520 542 513 484 465 502 365 412 458 494 520 
520 543 514 484 465 502 364 411 457 494 520 
521 543 515 485 466 501 363 410 456 493 521 
521 544 516 486 466 501 361 408 455 492 521 
521 544 517 487 466 501 360 407 454 491 521 
521 545 518 487 467 501 359 406 452 490 521 
521 546 518 488 467 501 357 404 451 490 521 
521 546 519 489 467 501 356 403 450 489 521 
521 547 520 490 468 501 355 402 449 488 521 
521 547 521 490 468 501 353 401 447 487 521 
521 548 522 491 469 501 352 399 446 486 521 
521 549 523 492 469 501 351 398 445 485 521 
521 549 524 493 469 501 349 397 444 484 521 
521 550 524 494 470 501 348 395 442 483 521 
521 550 525 494 470 501 346 394 441 482 521 
521 551 526 495 471 501 345 393 440 481 521 
521 551 527 496 471 501 343 391 438 480 521 
521 552 528 497 472 501 342 390 437 479 521 
521 552 528 498 472 501 340 389 436 478 521 
521 553 529 498 473 501 339 388 435 477 521 
521 553 530 499 473 501 337 386 433 476 521 
521 553 531 500 474 501 336 385 432 475 521 
521 554 532 501 475 501 334 384 431 474 521 
521 554 532 502 475 501 333 382 429 473 521 
521 555 533 503 476 501 331 381 428 472 521 
521 555 534 504 476 501 329 380 427 471 521 
521 555 535 504 477 501 328 378 425 470 521 
521 556 535 505 478 501 326 377 424 469 521 
521 556 536 506 478 501 324 376 423 468 521 
521 556 537 507 479 501 322 375 422 467 521 
520 557 538 508 479 502 320 373 420 465 520 
520 557 538 509 480 502 318 372 419 464 520 
520 557 539 510 481 502 316 371 418 463 520 
520 557 540 511 481 502 314 369 416 462 520 
520 558 541 511 482 502 312 368 415 461 520 
520 558 541 512 483 502 310 367 414 460 520 
520 558 542 513 484 502 308 365 412 458 520 
520 558 543 514 484 502 305 364 411 457 520 
520 559 543 515 485 502 303 363 410 456 520 
520 559 544 516 486 502 300 361 408 455 520 
520 559 544 517 487 502 297 360 407 454 520 
520 559 545 518 487 502 294 359 406 452 520 
520 559 546 518 488 502 291 357 404 451 520 
520 559 546 519 489 502 288 356 403 450 520 
520 560 547 520 490 502 284 355 402 449 520 
520 560 547 521 490 502 281 353 401 447 520 
519 560 548 522 491 503 276 352 399 446 519 
519 560 549 523 492 503 272 351 398 445 519 
519 560 549 524 493 503 267 349 397 444 519 
519 560 550 524 494 503 261 348 395 442 519 
519 560 550 525 494 503 254 346 394 441 519 
519 560 551 526 495 503 245 345 393 440 519 
519 560 551 527 496 503 462 343 391 438 519 
519 560 552 528 497 503 462 342 390 437 519 
519 560 552 528 498 503 462 340 389 436 519 
519 560 553 529 498 503 462 339 388 435 519 
519 560 553 530 499 503 462 337 386 433 519 
518 560 553 531 500 504 462 336 385 432 518 
518 560 554 532 501 504 462 334 384 431 518 
518 560 554 532 502 504 462 333 382 429 518 
518 559 555 533 503 504 463 331 381 428 518 
518 559 555 534 504 504 463 329 380 427 518 
518 559 555 535 504 504 463 328 378 425 518 
518 559 556 535 505 504 463 326 377 424 518 
518 559 556 536 506 504 463 324 376 423 518 
517 559 556 537 507 505 463 322 375 422 517 
517 558 557 538 508 505 464 320 373 420 517 
517 558 557 538 509 505 464 318 372 419 517 
517 558 557 539 510 505 464 316 371 418 517 
517 558 557 540 511 505 464 314 369 416 517 
517 557 558 541 511 505 465 312 368 415 517 
517 557 558 541 512 505 465 310 367 414 517 
516 557 558 542 513 506 465 308 365 412 516 
516 557 558 543 514 506 465 305 364 411 516 
516 556 559 543 515 506 466 303 363 410 516 
516 556 559 544 516 506 466 300 361 408 516 
516 556 559 544 517 506 466 297 360 407 516 
516 555 559 545 518 506 467 294 359 406 516 
516 555 559 546 518 506 467 291 357 404 516 
515 555 559 546 519 507 467 288 356 403 515 
515 554 560 547 520 507 468 284 355 402 515 
515 554 560 547 521 507 468 281 353 401 515 
515 553 560 548 522 507 469 276 352 399 515 
515 553 560 549 523 507 469 272 351 398 515 
515 553 560 549 524 507 469 267 349 397 515 
514 552 560 550 524 508 470 261 348 395 514 
514 552 560 550 525 508 470 254 346 394 514 
514 551 560 551 526 508 471 245 345 393 514 
514 551 560 551 527 508 471 462 343 391 514 
514 550 560 552 528 508 472 462 342 390 514 
514 550 560 552 528 508 472 462 340 389 514 
514 549 560 553 529 508 473 462 339 388 514 
513 549 560 553 530 509 473 462 337 386 513 
513 548 560 553 531 509 474 462 336 385 513 
513 547 560 554 532 509 475 462 334 384 513 
513 547 560 554 532 509 475 462 333 382 513 
513 546 559 555 533 509 476 463 331 381 513 
512 546 559 555 534 510 476 463 329 380 512 
512 545 559 555 535 510 477 463 328 378 512 
512 544 559 556 535 510 478 463 326 377 512 
512 544 559 556 536 510 478 463 324 376 512 
512 543 559 556 537 510 479 463 322 375 512 
512 543 558 557 538 510 479 464 320 373 512 
511 542 558 557 538 511 480 464 318 372 511 
511 541 558 557 539 511 481 464 316 371 511 
511 541 558 557 540 511 481 464 314 369 511 
511 540 557 558 541 511 482 465 312 368 511 
511 539 557 558 541 511 483 465 310 367 511 
511 538 557 558 542 511 484 465 308 365 511 
510 538 557 558 543 512 484 465 305 364 510 
510 537 556 559 543 512 485 466 303 363 510 
510 536 556 559 544 512 486 466 300 361 510 
510 535 556 559 544 512 487 466 297 360 510 
510 535 555 559 545 512 487 467 294 359 510 
510 534 555 559 546 512 488 467 291 357 510 
509 533 555 559 546 513 489 467 288 356 509 
509 532 554 560 547 513 490 468 284 355 509 
509 532 554 560 547 513 490 468 281 353 509 
509 531 553 560 548 513 491 469 276 352 509 
509 530 553 560 549 513 492 469 272 351 509 
508 529 553 560 549 514 493 469 267 349 508 
508 528 552 560 550 514 494 470 261 348 508 
508 528 552 560 550 514 494 470 254 346 508 
508 527 551 560 551 514 495 471 245 345 508 
508 526 551 560 551 514 496 471 462 343 508 
508 525 550 560 552 514 497 472 462 342 508 
508 524 550 560 552 514 498 472 462 340 508 
507 524 549 560 553 515 498 473 462 339 507 
507 523 549 560 553 515 499 473 462 337 507 
507 522 548 560 553 515 500 474 462 336 507 
507 521 547 560 554 515 501 475 462 334 507 
507 520 547 560 554 515 502 475 462 333 507 
507 519 546 559 555 515 503 476 463 331 507 
506 518 546 559 555 516 504 476 463 329 506 
506 518 545 559 555 516 504 477 463 328 506 
506 517 544 559 556 516 505 478 463 326 506 
506 516 544 559 556 516 506 478 463 324 506 
506 515 543 559 556 516 507 479 463 322 506 
506 514 543 558 557 516 508 479 464 320 506 
506 513 542 558 557 516 509 480 464 318 506 
505 512 541 558 557 517 510 481 464 316 505 
505 511 541 558 557 517 511 481 464 314 505 
505 511 540 557 558 517 511 482 465 312 505 
505 510 539 557 558 517 512 483 465 310 505 
505 509 538 557 558 517 513 484 465 308 505 
505 508 538 557 558 517 514 484 465 305 505 
505 507 537 556 559 517 515 485 466 303 505 
504 506 536 556 559 518 516 486 466 300 504 
504 505 535 556 559 518 517 487 466 297 504 
504 504 535 555 559 518 518 487 467 294 504 
504 504 534 555 559 518 518 488 467 291 504 
504 503 533 555 559 518 519 489 467 288 504 
504 502 532 554 560 518 520 490 468 284 504 
504 501 532 554 560 518 521 490 468 281 504 
504 500 531 553 560 518 522 491 469 276 504 
503 499 530 553 560 519 523 492 469 272 503 
503 498 529 553 560 519 524 493 469 267 503 
503 498 528 552 560 519 524 494 470 261 503 
503 497 528 552 560 519 525 494 470 254 503 
503 496 527 551 560 519 526 495 471 245 503 
